3.694136387429999748e-03 0.000000000000000000e+00 0.000000000000000000e+00 3.895866418295542300e-03 1.444589480441462251e-03 3.817516208767865460e-02
7.412649629717264765e-03 0.000000000000000000e+00 0.000000000000000000e+00 7.744563233012397019e-03 3.617788222867533710e-03 6.253443237781901309e-02
3.769299976154022892e-03 0.000000000000000000e+00 0.000000000000000000e+00 3.645055390044095889e-03 1.085529356299877197e-03 4.200799789322320205e-02
3.463579801569905119e-03 0.000000000000000000e+00 0.000000000000000000e+00 3.801247165784584197e-03 1.525098141350083453e-03 3.855291142680045136e-02
3.536755879995125747e-03 0.000000000000000000e+00 0.000000000000000000e+00 3.325766390682561788e-03 1.439023997409816409e-03 4.043047801074417524e-02
3.773406221448398663e-03 0.000000000000000000e+00 0.000000000000000000e+00 3.611924707663989771e-03 1.740081579628134645e-03 3.894511119842265778e-02
4.002696646112299111e-03 0.000000000000000000e+00 0.000000000000000000e+00 4.039629005621197394e-03 2.070213905128442684e-03 4.062770658475496621e-02
6.345296948703116335e-03 0.000000000000000000e+00 0.000000000000000000e+00 6.029720695820437425e-03 2.808100500970647784e-03 6.229023988918081650e-02
6.790469185394427606e-03 0.000000000000000000e+00 0.000000000000000000e+00 5.657777459068681625e-03 1.991947505717807029e-03 6.250297305556007377e-02
6.846243157312282245e-03 0.000000000000000000e+00 0.000000000000000000e+00 5.757694127641183914e-03 2.364076415533258521e-03 6.616846589555182290e-02
7.561445552690082908e-03 0.000000000000000000e+00 0.000000000000000000e+00 6.088300961324949814e-03 2.852165373388034289e-03 7.408469173293856513e-02
8.066054280677862481e-03 0.000000000000000000e+00 0.000000000000000000e+00 7.257906992283053201e-03 2.744772240973012735e-03 9.010508975775470553e-02
7.516527886333393416e-02 2.000000000000000000e+00 1.000000000000000000e+00 7.647915173882142981e-02 3.784768711319008716e-02 6.092826032513865009e-01
2.313829989036630119e-01 8.000000000000000000e+00 4.000000000000000000e+00 1.951934065115783212e-01 9.462723370828568514e-02 1.725276860147760605e+00
3.554539396768703341e-01 1.800000000000000000e+01 9.000000000000000000e+00 3.633665166441737426e-01 1.711278151184304486e-01 3.717444733807381940e+00
3.230368747582303968e-01 2.000000000000000000e+01 1.000000000000000000e+01 2.611528462842799270e-01 1.314566992923709154e-01 3.830657926663982860e+00
3.070559429679732277e-01 3.000000000000000000e+01 1.500000000000000000e+01 2.816398796512132874e-01 1.342165102567116630e-01 3.369407186145484623e+00
3.642679787407783198e-01 2.400000000000000000e+01 1.400000000000000000e+01 3.585501646640428253e-01 1.693642430610871885e-01 4.420354675906844832e+00
2.723211145075074002e-01 1.800000000000000000e+01 9.000000000000000000e+00 2.685987159368471988e-01 1.299999891311414968e-01 3.076306801343975383e+00
3.011781674868095338e-01 1.600000000000000000e+01 1.000000000000000000e+01 3.022156839039752407e-01 1.440954337950587361e-01 3.336940646921582765e+00
3.144618584754381163e-01 2.800000000000000000e+01 1.400000000000000000e+01 3.248390338821165457e-01 1.589744588702906025e-01 3.694161481272169478e+00
3.357900433739114399e-01 2.400000000000000000e+01 1.200000000000000000e+01 3.014186706492731904e-01 1.330185264486931640e-01 3.947351300248448602e+00
3.492969984829676910e-01 2.600000000000000000e+01 1.300000000000000000e+01 3.544671231177342619e-01 1.723009862381038038e-01 4.360732254983323841e+00
3.152958598637410348e-01 1.600000000000000000e+01 8.000000000000000000e+00 2.935282804584329330e-01 1.470116028998920132e-01 3.507849248662281649e+00
2.945574063118278629e-01 2.600000000000000000e+01 1.300000000000000000e+01 2.940870485412127033e-01 1.468828172776520669e-01 3.737944891324111563e+00
3.127050443463463281e-01 2.200000000000000000e+01 1.100000000000000000e+01 3.078753784053697151e-01 1.510250171377995054e-01 3.720469605486002251e+00
3.272633369497526812e-01 2.800000000000000000e+01 1.600000000000000000e+01 3.361592944389475979e-01 1.675694050446768224e-01 4.023687921194573747e+00
3.347774506882680301e-01 2.600000000000000000e+01 1.300000000000000000e+01 2.937451035369206265e-01 1.467785065141374856e-01 3.927303911580538820e+00
2.717811333893500048e-01 2.000000000000000000e+01 1.000000000000000000e+01 2.251674946607357397e-01 1.155748297127077995e-01 2.972345612796402303e+00
3.344258932228484915e-01 1.800000000000000000e+01 9.000000000000000000e+00 3.223175302093556627e-01 1.414300935213610444e-01 4.066833111644966969e+00
2.465581753581466140e-01 2.200000000000000000e+01 1.100000000000000000e+01 2.364696765565539038e-01 1.179770277315462246e-01 3.026931209429305714e+00
2.445855830507248085e-01 1.600000000000000000e+01 8.000000000000000000e+00 2.100350091027463340e-01 1.041663668064632536e-01 2.783851623093151151e+00
2.729059433685863678e-01 1.600000000000000000e+01 8.000000000000000000e+00 2.644147522347213841e-01 1.288477120894070405e-01 3.125820628114477806e+00
2.611580646446223786e-01 1.800000000000000000e+01 9.000000000000000000e+00 2.768615400119599501e-01 1.382293473474210943e-01 3.236437292374237273e+00
2.698637794949393376e-01 1.800000000000000000e+01 9.000000000000000000e+00 2.656160743301892446e-01 1.304118557867918193e-01 3.099489727747426926e+00
2.596442128029505803e-01 1.600000000000000000e+01 1.000000000000000000e+01 2.478918497413975797e-01 1.236287267292100062e-01 3.011689005535116426e+00
2.499441556424971678e-01 1.200000000000000000e+01 8.000000000000000000e+00 2.317106460788659339e-01 1.142645921455686664e-01 2.585980958826329168e+00
2.936818119189705811e-01 1.800000000000000000e+01 1.100000000000000000e+01 2.711199524513615566e-01 1.340754724178173651e-01 3.144756569254144818e+00
2.931899128782619046e-01 2.200000000000000000e+01 1.100000000000000000e+01 2.928383422548327952e-01 1.428578997349658208e-01 3.401622278800003674e+00
2.980441621516475292e-01 2.000000000000000000e+01 1.000000000000000000e+01 2.885417515007511202e-01 1.455246562062920690e-01 3.448517532539192576e+00
2.613860713607267794e-01 1.800000000000000000e+01 9.000000000000000000e+00 2.386735404188527754e-01 1.173367467345803883e-01 2.858063089445106453e+00
2.371340335101144725e-01 2.000000000000000000e+01 1.000000000000000000e+01 2.350358836254956008e-01 1.147635312741790009e-01 2.819821416409981740e+00
1.803352445511366142e-01 1.400000000000000000e+01 7.000000000000000000e+00 1.743965744707297316e-01 8.496744911646778031e-02 1.844017755938239134e+00
4.680123737235200587e-02 0.000000000000000000e+00 0.000000000000000000e+00 4.251728686589219958e-02 2.090657587863030062e-02 5.602890127718812563e-01
2.054865913178509015e-02 0.000000000000000000e+00 0.000000000000000000e+00 1.643482169041487681e-02 7.851703738434020335e-03 1.829945658448010881e-01
2.058795913012749501e-02 0.000000000000000000e+00 0.000000000000000000e+00 1.780045634697449697e-02 7.619497794605516183e-03 2.152357579006946575e-01
2.669021650761769365e-02 0.000000000000000000e+00 0.000000000000000000e+00 2.223910304845724481e-02 1.062034171804417115e-02 2.269641601693472566e-01
6.448327415720788748e-03 0.000000000000000000e+00 0.000000000000000000e+00 2.618273077772461169e-03 3.092067122922646447e-03 6.387027203113865292e-02
4.209382980753838613e-03 0.000000000000000000e+00 0.000000000000000000e+00 3.223720875669817704e-03 1.385973003869976801e-03 4.453218009032367669e-02
3.479905411261761776e-03 0.000000000000000000e+00 0.000000000000000000e+00 3.148840107296205313e-03 1.238960571312259541e-03 3.920510729070936923e-02
3.385038272720255603e-03 0.000000000000000000e+00 0.000000000000000000e+00 3.069859449863716026e-03 7.688927104691741302e-04 3.966530389261230943e-02
8.455985497097752782e-03 0.000000000000000000e+00 0.000000000000000000e+00 7.064510222794830735e-03 3.348934934970759694e-03 7.418383423014540679e-02
8.298097424176992254e-02 2.000000000000000000e+00 1.000000000000000000e+00 5.965640463513034730e-02 2.887894321277618970e-02 6.599902664923564810e-01
2.372282366762586137e-01 1.400000000000000000e+01 7.000000000000000000e+00 2.225298689340733660e-01 1.018766112539372937e-01 2.404101214808857634e+00
1.347473527743509869e-01 4.000000000000000000e+00 2.000000000000000000e+00 1.232920122883289921e-01 5.759930325896236991e-02 1.255779925182037848e+00
9.632526202574225038e-02 6.000000000000000000e+00 3.000000000000000000e+00 8.916403024009690592e-02 4.414864589365564279e-02 1.000367008533590063e+00
1.189184700977551773e-01 4.000000000000000000e+00 2.000000000000000000e+00 1.027921620619737519e-01 5.124383286693504069e-02 1.080816531297147165e+00
3.798542917134266339e-02 0.000000000000000000e+00 0.000000000000000000e+00 1.963378940053238028e-02 9.887364246684874833e-03 4.610088659174038095e-01
1.148952618111503121e-01 1.000000000000000000e+01 5.000000000000000000e+00 1.090654644636856047e-01 5.322562564052910061e-02 1.165709311088920730e+00
8.464375611830159130e-03 0.000000000000000000e+00 0.000000000000000000e+00 -5.867849133238037425e-03 -3.664434617427835689e-03 8.381135533226706513e-02
2.876501188856482941e-02 0.000000000000000000e+00 0.000000000000000000e+00 2.148543870907304934e-02 1.053943301724597978e-02 2.734254944432760737e-01
3.207663543290028424e-02 0.000000000000000000e+00 0.000000000000000000e+00 3.090509879036308985e-02 1.551673803359857051e-02 2.725523375189126130e-01
1.326626841803629775e-01 2.000000000000000000e+00 1.000000000000000000e+00 1.355110222985977941e-01 6.584120693456324558e-02 1.015993057087825280e+00
1.030929279579711616e-01 2.000000000000000000e+00 1.000000000000000000e+00 9.296561164736853733e-02 4.568009748377191426e-02 1.004720818707609764e+00
7.412654092014492324e-02 0.000000000000000000e+00 0.000000000000000000e+00 6.458259048906825339e-02 3.008982366639657846e-02 6.588327238435651712e-01
5.267822794681168569e-02 2.000000000000000000e+00 1.000000000000000000e+00 4.694845537954251552e-02 2.227045390821306980e-02 5.090758315661360056e-01
5.714479209002505666e-02 2.000000000000000000e+00 1.000000000000000000e+00 4.703605145762673051e-02 2.297834837275000708e-02 6.352253823288901424e-01
5.284357193698346888e-02 4.000000000000000000e+00 2.000000000000000000e+00 4.429397608913457351e-02 2.107655588782954281e-02 5.180114472672591175e-01
6.530015401102759465e-02 2.000000000000000000e+00 1.000000000000000000e+00 5.767291158910755472e-02 2.861888814098767497e-02 7.889874659091687947e-01
6.046102654849716540e-02 2.000000000000000000e+00 1.000000000000000000e+00 5.388849997648553075e-02 2.686866294214743101e-02 6.845782226093412026e-01
3.616221701565075497e-02 0.000000000000000000e+00 0.000000000000000000e+00 3.657539773117787080e-02 1.755041317017434072e-02 3.998763273055530587e-01
6.134405222744059201e-03 0.000000000000000000e+00 0.000000000000000000e+00 4.661231607349234328e-03 1.696610153253822698e-03 6.584650853959167494e-02
1.767781033585070702e-02 0.000000000000000000e+00 0.000000000000000000e+00 1.243508096415608596e-02 5.488953341661915314e-03 1.576369099144689090e-01
1.506407460993233749e-02 0.000000000000000000e+00 0.000000000000000000e+00 1.528659388847076334e-02 2.279528658917414838e-03 9.266020117454487615e-02
1.326883169726778000e-02 0.000000000000000000e+00 0.000000000000000000e+00 9.217774130947504335e-03 4.887979377620507541e-03 1.169756612057504530e-01
5.613312772210571344e-02 0.000000000000000000e+00 0.000000000000000000e+00 4.651160009676115481e-02 2.229895659805702923e-02 5.498750742245744894e-01
6.551261323662499469e-02 0.000000000000000000e+00 0.000000000000000000e+00 6.539415536460804756e-02 3.254995275204086713e-02 5.821771924593975855e-01
5.511694978563158598e-02 0.000000000000000000e+00 0.000000000000000000e+00 5.512826475043731272e-02 2.728801280679822930e-02 5.936639115732327276e-01
3.916242211616527413e-02 0.000000000000000000e+00 0.000000000000000000e+00 3.663625930180953311e-02 1.826482324566045673e-02 4.089454829162916250e-01
4.968046349204088830e-02 2.000000000000000000e+00 1.000000000000000000e+00 4.659936747081643710e-02 2.280329714387787504e-02 4.818005692897336378e-01
6.397843661658575432e-02 2.000000000000000000e+00 1.000000000000000000e+00 6.752969096180226616e-02 3.393699326662663607e-02 6.596918817566583826e-01
6.234986846793320880e-02 0.000000000000000000e+00 0.000000000000000000e+00 6.312623075310222487e-02 3.126831478677913334e-02 5.883084883242407637e-01
8.310801280223502341e-02 2.000000000000000000e+00 1.000000000000000000e+00 7.812182967286865343e-02 3.928129816983266798e-02 8.629165506255271900e-01
1.205323833519662963e-01 8.000000000000000000e+00 4.000000000000000000e+00 1.094392292406927841e-01 5.307869695968314705e-02 1.214525046783395235e+00
1.281512987540475712e-01 4.000000000000000000e+00 2.000000000000000000e+00 8.179024545802654478e-02 4.000074251317756180e-02 1.248959562794418998e+00
8.953797860810391862e-02 4.000000000000000000e+00 2.000000000000000000e+00 5.894377442491537805e-02 2.920213148794397612e-02 8.649666667684875465e-01
6.115087618648475803e-02 2.000000000000000000e+00 1.000000000000000000e+00 3.927194615483815821e-02 1.958512533812158118e-02 6.575676389259100807e-01
7.641697868536634353e-02 4.000000000000000000e+00 2.000000000000000000e+00 5.882403810741891614e-02 2.865292222041342096e-02 7.354741174097529921e-01
5.159086387817474889e-02 0.000000000000000000e+00 0.000000000000000000e+00 4.464691224680299164e-02 2.167677802234946327e-02 5.279159673811419928e-01
5.788029043469147122e-02 2.000000000000000000e+00 1.000000000000000000e+00 5.000092054467510094e-02 2.394666157651867411e-02 5.958485846800292141e-01
5.810976899634631015e-02 2.000000000000000000e+00 1.000000000000000000e+00 5.674609755708108494e-02 2.744750569102050175e-02 5.545159286772958218e-01
4.184041686010003119e-02 0.000000000000000000e+00 0.000000000000000000e+00 3.742931118024261233e-02 1.814090786913107392e-02 4.247803758140331620e-01
1.165935145234684167e-01 8.000000000000000000e+00 4.000000000000000000e+00 1.163984211383720657e-01 5.783097790825914020e-02 1.187397493481939126e+00
8.572073952730743795e-02 4.000000000000000000e+00 2.000000000000000000e+00 7.992921871412475565e-02 3.788579252774892936e-02 9.607158527528192327e-01
4.544873191441758248e-02 2.000000000000000000e+00 1.000000000000000000e+00 3.643944901510448586e-02 1.833570900569628237e-02 4.924552239614196636e-01
5.804921743334232054e-02 2.000000000000000000e+00 1.000000000000000000e+00 5.878969813623010493e-02 2.936778645502013951e-02 5.817732377056116233e-01
2.199740456263710731e-01 1.200000000000000000e+01 8.000000000000000000e+00 2.310435370753738671e-01 1.146659460524228902e-01 1.910998183954548013e+00
3.943774623576360994e-01 2.400000000000000000e+01 1.200000000000000000e+01 4.469518195077040179e-01 2.305241825139718870e-01 4.435465183129516653e+00
3.099005833276561317e-01 2.800000000000000000e+01 1.400000000000000000e+01 2.977580321492928062e-01 1.492483226826909481e-01 4.043144928593692455e+00
3.088406385853891822e-01 2.400000000000000000e+01 1.200000000000000000e+01 2.833936736308478865e-01 1.389248028215794850e-01 3.780200653518089204e+00
2.280377821621716872e-01 2.000000000000000000e+01 1.000000000000000000e+01 2.018741319798676159e-01 9.802306954007139472e-02 2.820829788290155182e+00
2.812528580674881207e-01 2.200000000000000000e+01 1.300000000000000000e+01 2.811017342292983501e-01 1.391804585293238139e-01 3.199622946563242198e+00
2.944703353524824596e-01 2.000000000000000000e+01 1.000000000000000000e+01 2.749951067608532584e-01 1.349970541241053978e-01 3.525740315655115698e+00
2.924496522786703134e-01 2.400000000000000000e+01 1.400000000000000000e+01 2.754681280234255736e-01 1.405758797121236248e-01 3.283505876487881281e+00
3.404842151671599315e-01 2.200000000000000000e+01 1.100000000000000000e+01 3.378751945106741594e-01 1.731973153124299891e-01 3.989101840520240749e+00
3.201670382655741887e-01 2.400000000000000000e+01 1.400000000000000000e+01 3.132574048334954564e-01 1.492023937041471182e-01 3.568197899588950506e+00
3.090225469217167675e-01 2.200000000000000000e+01 1.300000000000000000e+01 2.940995164524910499e-01 1.449041943866072879e-01 3.757635544429603236e+00
3.468186072970635414e-01 1.800000000000000000e+01 9.000000000000000000e+00 3.565088507361873216e-01 1.756776950214615773e-01 3.756652159567331672e+00
2.394799314652547306e-01 2.200000000000000000e+01 1.100000000000000000e+01 2.255159898075643210e-01 1.148060628951861895e-01 2.856516647726777158e+00
2.683679721371175497e-01 2.000000000000000000e+01 1.000000000000000000e+01 2.506772162220540778e-01 1.193207823420598945e-01 3.256002526515034301e+00
3.127742181626987361e-01 2.000000000000000000e+01 1.200000000000000000e+01 2.792445380543160938e-01 1.269446776486051198e-01 3.252745079210148660e+00
3.041900189356822048e-01 2.000000000000000000e+01 1.000000000000000000e+01 2.889207845995849788e-01 1.484454058500180862e-01 3.976233442806071050e+00
2.882150059560995570e-01 1.800000000000000000e+01 9.000000000000000000e+00 2.767424954788820224e-01 1.366715469114943016e-01 3.164881294414093826e+00
3.181186695939484665e-01 2.400000000000000000e+01 1.400000000000000000e+01 3.303487596477646671e-01 1.636292082536686676e-01 3.207611665213460306e+00
3.587398999877542405e-01 1.800000000000000000e+01 9.000000000000000000e+00 3.599971280520330996e-01 1.720228653250971129e-01 4.328614979014676400e+00
3.515782113463845615e-01 2.000000000000000000e+01 1.000000000000000000e+01 3.397043257947502948e-01 1.660448772809931528e-01 3.738951462414779492e+00
3.132244647292405371e-01 2.200000000000000000e+01 1.100000000000000000e+01 2.931979844871807073e-01 1.439163661905966674e-01 3.815729371900560718e+00
3.112305371442843360e-01 2.000000000000000000e+01 1.200000000000000000e+01 3.002006632766068273e-01 1.482787801757032842e-01 3.338344435401472410e+00
2.696089817921940024e-01 1.800000000000000000e+01 1.100000000000000000e+01 2.388897819771479136e-01 1.096153589560948660e-01 2.893837399741124194e+00
2.742438968624021367e-01 2.000000000000000000e+01 1.000000000000000000e+01 2.631673866533074668e-01 1.333581503082512665e-01 3.384103587720023398e+00
2.733708266338584769e-01 1.800000000000000000e+01 9.000000000000000000e+00 2.510230995475424276e-01 1.144635656826861192e-01 3.522423843455140702e+00
3.189711145347772780e-01 2.000000000000000000e+01 1.000000000000000000e+01 2.933989233764190963e-01 1.448176557546892729e-01 3.426939986342024902e+00
2.826503508064225345e-01 2.400000000000000000e+01 1.200000000000000000e+01 2.449412870153823418e-01 1.225870389824046530e-01 3.444895258971245600e+00
2.738652223409213660e-01 2.200000000000000000e+01 1.100000000000000000e+01 2.554855767284943124e-01 1.264393124064679130e-01 3.177532561593879201e+00
2.946132185621231359e-01 2.000000000000000000e+01 1.000000000000000000e+01 2.766720421814033992e-01 1.372718564172146494e-01 3.372736550483856899e+00
2.846267182032787280e-01 1.800000000000000000e+01 9.000000000000000000e+00 2.568409816568643644e-01 1.302010609755673565e-01 3.144266857195682885e+00
2.482678280485856037e-01 1.400000000000000000e+01 9.000000000000000000e+00 1.916104738384454553e-01 8.824182444226097433e-02 2.792555967372273518e+00
2.347238520381471627e-01 2.000000000000000000e+01 1.000000000000000000e+01 2.029964246782816339e-01 9.504675808706354589e-02 3.046804193251301918e+00
2.329664185713389568e-01 1.800000000000000000e+01 9.000000000000000000e+00 2.067577492205029677e-01 9.600026916843491798e-02 2.635672991641535123e+00
2.229278344754213881e-01 1.600000000000000000e+01 1.000000000000000000e+01 2.054956278274609471e-01 9.827207144654137583e-02 2.534616038773367386e+00
2.790034454886571313e-01 1.600000000000000000e+01 8.000000000000000000e+00 2.841324662311223159e-01 1.308975044535090615e-01 2.937621653291958346e+00
2.161062480369065619e-01 1.200000000000000000e+01 6.000000000000000000e+00 2.130779197864497987e-01 1.009256847791157180e-01 2.364929640333898853e+00
2.213534162186569232e-01 1.200000000000000000e+01 6.000000000000000000e+00 2.274358401451399281e-01 1.121592970535984640e-01 2.350524906661771940e+00
1.840781075837372716e-01 1.600000000000000000e+01 8.000000000000000000e+00 1.761627864590130099e-01 8.725816576443447270e-02 2.167331101383364711e+00
1.345339184918977471e-01 1.400000000000000000e+01 7.000000000000000000e+00 1.334318845194229497e-01 6.656056121316356045e-02 1.669413765128747951e+00
1.204972744877124968e-01 1.000000000000000000e+01 5.000000000000000000e+00 9.262517114048533784e-02 4.691553112267917575e-02 1.510661329174249667e+00
1.374846112339586091e-01 6.000000000000000000e+00 3.000000000000000000e+00 1.215166924209276217e-01 5.700962911174979608e-02 1.592858355235770684e+00
8.934106548119201407e-02 6.000000000000000000e+00 3.000000000000000000e+00 8.313605257029145490e-02 3.780066428841000192e-02 9.563548179395322535e-01
2.198706499924276553e-02 0.000000000000000000e+00 0.000000000000000000e+00 1.634644895885006485e-02 6.071035709649708588e-03 2.264215731613156701e-01
2.007115969757910026e-02 0.000000000000000000e+00 0.000000000000000000e+00 1.429117875877240935e-02 7.317276226653061932e-03 1.954300810172375780e-01
8.580583689202350706e-03 0.000000000000000000e+00 0.000000000000000000e+00 7.308991947835385625e-03 2.304966063954931935e-03 6.563797692244374704e-02
4.852061310130895318e-03 0.000000000000000000e+00 0.000000000000000000e+00 4.288605443776408871e-03 2.467957697098238298e-03 4.354127865046879264e-02
6.024297640738060337e-03 0.000000000000000000e+00 0.000000000000000000e+00 7.220197329720149000e-03 1.079120115856766057e-03 4.012936687668224728e-02
3.589177088075736627e-03 0.000000000000000000e+00 0.000000000000000000e+00 3.315453374040291251e-03 1.024251444226245309e-03 4.168165040319096737e-02
1.471138144468560859e-02 0.000000000000000000e+00 0.000000000000000000e+00 1.174155421364915346e-02 4.865214111120899458e-03 1.299957155478144444e-01
2.917261827565874668e-02 0.000000000000000000e+00 0.000000000000000000e+00 2.276910268492502928e-02 1.046456170989518153e-02 2.302294066332720435e-01
8.019849477902693535e-02 2.000000000000000000e+00 1.000000000000000000e+00 7.945381529371668694e-02 3.932608100566625797e-02 5.476145066186677290e-01
2.793356224565807233e-01 1.200000000000000000e+01 1.000000000000000000e+01 2.849143793632385457e-01 1.389003947616540280e-01 2.026093596631333593e+00
2.441497434538584532e-01 1.800000000000000000e+01 1.100000000000000000e+01 1.979777164827314917e-01 1.096157879698425042e-01 2.435216680950720303e+00
2.532834051630326599e-01 1.600000000000000000e+01 1.000000000000000000e+01 2.387510748836845775e-01 1.207781461244084587e-01 2.741251662413062729e+00
2.458905210946753794e-01 1.600000000000000000e+01 8.000000000000000000e+00 2.311111489817186393e-01 1.157269442838466528e-01 2.779265051175126899e+00
2.510391544183076529e-01 1.400000000000000000e+01 9.000000000000000000e+00 2.380458696026070409e-01 1.206919389574033913e-01 2.677852575717613259e+00
2.805564051260819869e-01 2.000000000000000000e+01 1.000000000000000000e+01 2.749053835584763794e-01 1.351336154128178757e-01 2.743103707616897591e+00
2.570047212561725192e-01 1.600000000000000000e+01 8.000000000000000000e+00 1.978661194304588145e-01 9.646937656287918328e-02 2.744724914244458969e+00
2.057069145178265224e-01 2.400000000000000000e+01 1.200000000000000000e+01 1.841256461348742268e-01 9.195206834175184696e-02 2.375030739359084819e+00
2.710419908777672582e-01 2.000000000000000000e+01 1.000000000000000000e+01 2.700127282493859915e-01 1.351148423912752194e-01 2.871782919373268683e+00
3.102263173700902654e-01 1.600000000000000000e+01 1.000000000000000000e+01 2.995759402036888841e-01 1.372494419156805590e-01 3.497697811673105672e+00
3.471612086589392909e-01 1.800000000000000000e+01 9.000000000000000000e+00 3.343000306792298093e-01 1.617545951044128127e-01 3.423409773779929388e+00
3.087042354111249054e-01 2.800000000000000000e+01 1.400000000000000000e+01 3.124611437165763506e-01 1.690512469939182694e-01 3.232283861235605293e+00
2.820834778691325151e-01 1.600000000000000000e+01 1.000000000000000000e+01 2.719569466154702631e-01 1.308873737984544150e-01 3.026845006304064611e+00
1.879576792127198581e-01 1.600000000000000000e+01 8.000000000000000000e+00 1.926184881230078028e-01 9.300418168592300416e-02 1.946446176477225620e+00
2.614686422321780279e-01 1.800000000000000000e+01 1.100000000000000000e+01 2.480193977552156703e-01 1.284035956931512679e-01 2.812984968216789117e+00
2.618576699388002194e-01 1.400000000000000000e+01 7.000000000000000000e+00 2.515393869642267299e-01 1.228973038360707815e-01 2.705490016832044819e+00
2.086147300169270968e-01 1.000000000000000000e+01 7.000000000000000000e+00 1.842970804000047258e-01 9.155773571783257236e-02 2.236337258852163501e+00
1.853573177770023173e-01 1.400000000000000000e+01 7.000000000000000000e+00 1.534706017255070276e-01 7.621909676048971294e-02 2.194563744743021960e+00
2.608375714823552016e-01 1.400000000000000000e+01 7.000000000000000000e+00 2.356886449058093469e-01 1.181000709812114469e-01 2.641778887048558122e+00
1.905915343619007940e-01 1.400000000000000000e+01 7.000000000000000000e+00 1.968209628231848696e-01 9.882236538144037463e-02 2.094195339124433453e+00
2.191425649243875229e-01 1.800000000000000000e+01 9.000000000000000000e+00 1.896152943855504980e-01 9.172401776211237812e-02 2.516732354176245412e+00
2.237498194971410115e-01 1.600000000000000000e+01 8.000000000000000000e+00 2.172090040787010845e-01 1.091040179908669555e-01 2.551481852104174219e+00
2.443392592426912313e-01 1.800000000000000000e+01 1.100000000000000000e+01 2.309943083399180475e-01 1.147226777674948406e-01 2.753164923825402788e+00
1.704526508855812861e-01 8.000000000000000000e+00 4.000000000000000000e+00 1.365811618715354891e-01 6.419929579871197500e-02 1.874384576540563119e+00
8.197388271724992403e-02 4.000000000000000000e+00 2.000000000000000000e+00 7.355695402283976558e-02 3.525422307103834307e-02 9.289342972421080757e-01
8.459268733573990437e-03 0.000000000000000000e+00 0.000000000000000000e+00 6.485511879381259878e-03 2.957104669084061055e-03 9.584545834033793288e-02
3.046556184965354408e-03 0.000000000000000000e+00 0.000000000000000000e+00 2.389663924570168459e-03 2.688603631109982980e-04 3.299189068206325598e-02
4.276389065327234305e-03 0.000000000000000000e+00 0.000000000000000000e+00 4.313731704739215238e-03 3.164846285168792031e-03 4.030715304366939283e-02
7.992736586648212932e-03 0.000000000000000000e+00 0.000000000000000000e+00 7.430872036961091130e-03 3.976750833253085704e-03 8.066386199455609363e-02
9.677910512201135310e-03 0.000000000000000000e+00 0.000000000000000000e+00 8.583113002781528333e-03 3.516542375938670056e-03 1.140921378395413910e-01
1.030560441876945087e-02 0.000000000000000000e+00 0.000000000000000000e+00 1.015980260207990753e-02 4.793789904972564457e-03 1.052144477016942470e-01
1.070904435838134980e-02 0.000000000000000000e+00 0.000000000000000000e+00 1.187543634106220762e-02 5.604291216409804099e-03 1.154060082719069041e-01
6.672955019323618606e-03 0.000000000000000000e+00 0.000000000000000000e+00 6.959562533650918460e-03 3.617553459570935909e-03 7.420807933326395434e-02
1.255229556813393724e-02 0.000000000000000000e+00 0.000000000000000000e+00 8.771446429544622544e-03 3.382771029654048876e-03 9.069086731079432917e-02
3.809678938751012711e-02 0.000000000000000000e+00 0.000000000000000000e+00 2.668307129971247624e-02 1.237334080266414699e-02 2.516895111135563079e-01
7.705644101208547481e-02 2.000000000000000000e+00 1.000000000000000000e+00 7.690035497117729546e-02 3.820089312441135587e-02 5.997957696991992327e-01
2.028970372333006311e-01 1.200000000000000000e+01 6.000000000000000000e+00 2.043159570183376017e-01 1.028345033804461961e-01 1.940239558324991620e+00
2.770295384671774830e-01 1.200000000000000000e+01 6.000000000000000000e+00 2.608768531571623583e-01 1.250311364570693695e-01 2.584147499435977657e+00
2.144429748339119757e-01 1.000000000000000000e+01 5.000000000000000000e+00 1.774683995110941936e-01 9.161318989706090932e-02 2.528163820956272456e+00
1.526117427790771863e-01 1.200000000000000000e+01 6.000000000000000000e+00 1.237799825625004596e-01 6.251603331590592505e-02 1.687459663611444949e+00
1.180895125042538546e-01 6.000000000000000000e+00 3.000000000000000000e+00 8.146925887358588692e-02 3.937878344303252093e-02 1.287811954409601833e+00
9.217835665411119872e-02 4.000000000000000000e+00 2.000000000000000000e+00 7.025225969441716012e-02 3.421489634711334660e-02 1.174177027415014285e+00
1.008309062219621133e-01 1.000000000000000000e+01 5.000000000000000000e+00 1.041892643074559949e-01 5.111253863764818328e-02 1.161435580986403204e+00
1.145741141753277570e-01 4.000000000000000000e+00 2.000000000000000000e+00 1.018157882303752648e-01 4.813245677338057193e-02 9.125671514222113423e-01
8.438182435129409908e-02 2.000000000000000000e+00 1.000000000000000000e+00 8.376520879618104543e-02 4.189578220989470525e-02 9.651136715782779874e-01
1.108267358986148171e-01 8.000000000000000000e+00 4.000000000000000000e+00 9.351096139063529156e-02 4.697934368330689003e-02 1.284953870964376854e+00
9.889670403013184341e-02 6.000000000000000000e+00 3.000000000000000000e+00 8.487766115899111896e-02 4.249475936163221029e-02 1.255857413305593528e+00
7.849636541695459435e-02 4.000000000000000000e+00 2.000000000000000000e+00 6.257224224714853789e-02 3.014934294475780929e-02 9.220406725085021904e-01
1.040876298291734392e-01 6.000000000000000000e+00 3.000000000000000000e+00 9.002587658697334960e-02 4.384089596625749541e-02 1.119594491119341839e+00
1.019599988145692276e-01 6.000000000000000000e+00 3.000000000000000000e+00 9.644198439350376573e-02 4.658460166395209101e-02 1.146206951491421266e+00
1.059854829569277512e-01 6.000000000000000000e+00 3.000000000000000000e+00 9.630118443683303997e-02 4.684222191989972917e-02 1.134407943799283114e+00
1.467427660756093488e-01 8.000000000000000000e+00 4.000000000000000000e+00 1.412339767672419755e-01 6.985714685119305545e-02 1.532466679702833456e+00
1.971784256552027714e-01 1.000000000000000000e+01 5.000000000000000000e+00 1.826374770282179205e-01 9.070627489256823106e-02 1.799084010997502370e+00
1.710851437397320762e-01 6.000000000000000000e+00 5.000000000000000000e+00 1.455269194747871586e-01 7.181890735340910881e-02 1.706670933203476181e+00
1.866418064348196459e-01 1.000000000000000000e+01 7.000000000000000000e+00 1.626795611324763635e-01 8.017751786896809563e-02 1.679415137476892417e+00
1.246332716321426337e-01 8.000000000000000000e+00 4.000000000000000000e+00 1.163133988934830637e-01 5.757704337435620712e-02 1.257611255712490772e+00
4.097853104815082220e-02 0.000000000000000000e+00 0.000000000000000000e+00 2.423365651149417613e-02 1.207951869280188099e-02 2.927770008464933849e-01
8.955861110227503197e-03 0.000000000000000000e+00 0.000000000000000000e+00 4.583720581464229525e-03 2.078480690131757902e-03 8.744598923186069905e-02
6.796666024186661173e-03 0.000000000000000000e+00 0.000000000000000000e+00 5.413483705797213393e-03 2.370461350213889495e-03 6.743421556445794440e-02
8.143948904917730838e-03 0.000000000000000000e+00 0.000000000000000000e+00 7.589919700560976944e-03 3.603175607928523622e-03 7.718650199978045745e-02
4.222322705851621651e-03 0.000000000000000000e+00 0.000000000000000000e+00 3.551223300354970983e-03 1.228284442492179893e-03 5.347350744952558688e-02
3.292731162408992635e-02 0.000000000000000000e+00 0.000000000000000000e+00 3.564157367350802991e-02 1.923410524458888521e-02 8.871434542209818974e-02
7.877967496141870252e-03 0.000000000000000000e+00 0.000000000000000000e+00 7.520366725159134680e-03 4.834931684425541193e-03 9.733666955200419302e-02
6.341388811911213494e-03 0.000000000000000000e+00 0.000000000000000000e+00 5.825727717158812533e-03 2.793526796842376106e-03 7.118237272543051497e-02
7.583582167319479622e-03 0.000000000000000000e+00 0.000000000000000000e+00 7.185645770300575115e-03 2.617083114807900249e-03 9.219932527727779659e-02
8.997907180925418177e-03 0.000000000000000000e+00 0.000000000000000000e+00 8.263250025391312079e-03 3.711858341015089602e-03 1.039553680189682222e-01
7.094986266307492725e-03 0.000000000000000000e+00 0.000000000000000000e+00 6.454648305919279822e-03 2.869684025339778403e-03 8.304462153852250339e-02
8.223196248414950393e-03 0.000000000000000000e+00 0.000000000000000000e+00 6.918539107183785744e-03 2.633290265657379711e-03 9.196534880130916023e-02
8.729818598231499360e-03 0.000000000000000000e+00 0.000000000000000000e+00 8.236484705458358910e-03 3.235744276287032782e-03 1.058050103397391029e-01
7.506572228114529420e-03 0.000000000000000000e+00 0.000000000000000000e+00 5.636152108781512619e-03 2.354098879150722055e-03 8.224391697818475566e-02
6.256490214938353542e-03 0.000000000000000000e+00 0.000000000000000000e+00 5.375807242002950473e-03 1.530297335459033939e-03 6.462411589290825709e-02
3.815492717667917904e-03 0.000000000000000000e+00 0.000000000000000000e+00 3.457465528270092445e-03 7.975743715299785531e-04 4.480740302198747693e-02
4.999944786089068061e-03 0.000000000000000000e+00 0.000000000000000000e+00 4.777804404463506169e-03 1.734906233163847422e-03 5.058574577553624080e-02
1.560983822620147510e-02 0.000000000000000000e+00 0.000000000000000000e+00 1.543552377214987663e-02 7.343726229047350604e-03 1.192594862970600827e-01
9.454497806101847673e-03 0.000000000000000000e+00 0.000000000000000000e+00 8.923153943045844180e-03 3.441333731982512342e-03 1.111409195321598625e-01
5.111556478299654829e-03 0.000000000000000000e+00 0.000000000000000000e+00 5.021209247056792127e-03 1.042482843166942473e-03 5.667834182569957829e-02
3.266675875770027378e-03 0.000000000000000000e+00 0.000000000000000000e+00 2.811153362955339224e-03 1.459854115620934714e-03 4.267427473201221982e-02
3.032680210401955678e-03 0.000000000000000000e+00 0.000000000000000000e+00 3.047936473861996738e-03 8.461569756682786256e-04 3.835667895254627618e-02
7.436367445869222770e-03 0.000000000000000000e+00 0.000000000000000000e+00 4.384900833656229721e-03 1.507670864001424242e-03 6.686501375538465852e-02
3.970902471894122848e-02 0.000000000000000000e+00 0.000000000000000000e+00 4.091911777831962888e-02 2.157178209957190396e-02 3.405169519640941500e-01
1.165192137364560732e-01 4.000000000000000000e+00 2.000000000000000000e+00 1.106118304841775257e-01 5.500546771734166063e-02 9.663416566443679967e-01
2.494787810162739095e-01 1.200000000000000000e+01 6.000000000000000000e+00 2.516245131116026656e-01 1.246698850056093821e-01 2.696319052294552154e+00
4.739635906529432452e-02 0.000000000000000000e+00 0.000000000000000000e+00 4.930579137756305880e-02 2.387792501855363902e-02 4.255010565392358668e-01
2.538193412929191650e-01 1.800000000000000000e+01 9.000000000000000000e+00 2.237349983889176941e-01 1.157784122724780373e-01 2.407339603398762407e+00
1.228988764244869913e-01 8.000000000000000000e+00 4.000000000000000000e+00 9.173852473255585116e-02 4.371726527326176559e-02 1.304858585227214984e+00
2.435751316467238067e-02 0.000000000000000000e+00 0.000000000000000000e+00 2.541036948287553505e-03 5.289840557299530714e-05 2.631434324466959684e-01
4.598812923103700462e-02 0.000000000000000000e+00 0.000000000000000000e+00 2.990638827935140215e-02 1.420071865942592465e-02 4.174324514607130610e-01
1.512320736684271416e-01 1.000000000000000000e+01 5.000000000000000000e+00 1.573786140458930116e-01 7.812382628383451877e-02 1.366980508464846311e+00
2.172017659388436883e-01 1.400000000000000000e+01 7.000000000000000000e+00 2.174369649095014290e-01 1.077883569917530426e-01 2.108907145790583026e+00
1.697493838903318120e-01 1.000000000000000000e+01 5.000000000000000000e+00 1.330850315249749172e-01 6.690552772862101705e-02 1.801259411961291912e+00
1.539502928402114168e-01 1.200000000000000000e+01 8.000000000000000000e+00 1.424729037302006063e-01 7.085917760590276782e-02 1.634282476255884076e+00
2.157451853174712220e-01 1.200000000000000000e+01 8.000000000000000000e+00 1.687401974945370031e-01 8.273699004234269516e-02 2.185057897555838569e+00
2.517743623599159042e-01 1.400000000000000000e+01 7.000000000000000000e+00 2.394454592154011685e-01 1.188499024945965515e-01 2.911045284117497634e+00
2.354571847731740664e-01 1.200000000000000000e+01 6.000000000000000000e+00 2.234883128754539816e-01 1.109430851943388474e-01 2.144309454497049572e+00
3.083386951777419838e-01 2.000000000000000000e+01 1.200000000000000000e+01 3.198782730101378258e-01 1.539562640403281391e-01 3.380249440047202292e+00
2.949890805076856859e-01 1.200000000000000000e+01 6.000000000000000000e+00 3.052675439155138060e-01 1.430307810511706190e-01 3.311236014522821680e+00
1.647064312323779645e-01 1.200000000000000000e+01 6.000000000000000000e+00 1.446682280362669437e-01 7.200279547773880129e-02 1.846902252410902889e+00
1.318999476690140837e-01 8.000000000000000000e+00 4.000000000000000000e+00 1.294127974844967721e-01 6.527416164743990445e-02 1.450893137031834312e+00
9.124940630482300530e-02 2.000000000000000000e+00 1.000000000000000000e+00 9.173047248405633014e-02 4.655797194402211403e-02 9.828400203174147975e-01
1.792550016149157752e-02 0.000000000000000000e+00 0.000000000000000000e+00 1.186836650900320762e-02 5.570978451651451349e-03 1.825772514981947037e-01
1.504971954028376351e-02 0.000000000000000000e+00 0.000000000000000000e+00 1.116826008671930985e-02 5.311287731808376524e-03 1.382211581460153216e-01
9.299783599135540493e-03 0.000000000000000000e+00 0.000000000000000000e+00 5.489678017911708147e-03 2.089898748859548780e-03 8.729126752434337999e-02
6.204743916067310960e-02 2.000000000000000000e+00 1.000000000000000000e+00 5.612791872009657845e-02 2.709164574831607331e-02 6.629642799303010481e-01
9.488896236061780676e-02 4.000000000000000000e+00 2.000000000000000000e+00 8.904483737323903858e-02 4.439656596640428887e-02 8.659625757520393874e-01
2.220441180220117938e-01 1.200000000000000000e+01 6.000000000000000000e+00 2.246555006266637289e-01 1.117451780845022391e-01 1.857630148079719712e+00
2.273158272866396823e-01 1.000000000000000000e+01 5.000000000000000000e+00 2.002260543882783128e-01 9.966529605141453974e-02 2.124808456740487461e+00
2.107886353090095422e-01 1.400000000000000000e+01 9.000000000000000000e+00 2.071555159640778576e-01 1.040325968107375654e-01 2.184326300424074052e+00
1.955536550465118428e-01 1.600000000000000000e+01 8.000000000000000000e+00 1.722752141302107132e-01 8.679325674243970612e-02 2.163642483620677570e+00
2.099196159678054507e-01 1.000000000000000000e+01 5.000000000000000000e+00 1.841040938145356298e-01 9.210266761632808497e-02 2.240617514781796604e+00
2.303879058086549803e-01 1.400000000000000000e+01 7.000000000000000000e+00 2.401738986500337458e-01 1.215506548987033697e-01 2.227661410093046968e+00
1.839668718358693777e-01 1.800000000000000000e+01 9.000000000000000000e+00 1.839742509578204677e-01 9.177955707582190203e-02 1.924106009247556814e+00
2.339839554418876033e-01 1.400000000000000000e+01 7.000000000000000000e+00 2.243797284587128460e-01 1.110081289669248572e-01 2.671505419217737654e+00
2.123400837664024543e-01 1.600000000000000000e+01 8.000000000000000000e+00 1.867006500493656185e-01 9.470181934174444482e-02 2.468519086640565519e+00
1.894720249711047966e-01 1.000000000000000000e+01 5.000000000000000000e+00 1.609129277875414876e-01 7.960827778114976105e-02 2.071765795764386464e+00
1.965828211128276548e-01 1.400000000000000000e+01 7.000000000000000000e+00 1.428085176833790715e-01 7.376518401820830739e-02 2.086369851237975581e+00
1.472318473397074279e-01 1.000000000000000000e+01 5.000000000000000000e+00 1.268553785165149050e-01 6.165984279722316191e-02 1.661676107152769255e+00
7.039973363634484393e-02 0.000000000000000000e+00 0.000000000000000000e+00 6.351278316222981613e-02 3.158246060354715640e-02 8.832944632177669453e-01
8.183019881526747141e-02 2.000000000000000000e+00 1.000000000000000000e+00 5.857658366840327174e-02 2.881088164889367143e-02 7.234786444274555750e-01
4.445197584804747026e-02 0.000000000000000000e+00 0.000000000000000000e+00 2.748869983829746802e-02 1.397482624904961002e-02 3.332162485739504909e-01
1.946099000817934702e-02 0.000000000000000000e+00 0.000000000000000000e+00 1.191769069189723383e-02 5.309414131503344819e-03 1.556183768214653707e-01
9.837191857645023046e-03 0.000000000000000000e+00 0.000000000000000000e+00 1.071536152985277240e-02 3.782035107408735983e-03 7.402154227414155241e-02
3.005717406315313103e-02 0.000000000000000000e+00 0.000000000000000000e+00 2.552712787114094425e-02 1.153186761209419597e-02 2.576978141329340777e-01
5.975566494519882199e-02 0.000000000000000000e+00 0.000000000000000000e+00 5.724837708962051547e-02 2.794770870430082765e-02 4.526936123022103908e-01
1.055484276372044422e-01 4.000000000000000000e+00 2.000000000000000000e+00 8.122490061592002597e-02 4.027808404796257014e-02 7.693738180749938316e-01
8.914972741398104195e-02 6.000000000000000000e+00 3.000000000000000000e+00 6.645444188036533917e-02 3.272637603247887522e-02 9.410218249009557612e-01
1.557085819585636299e-01 1.200000000000000000e+01 6.000000000000000000e+00 1.352984702748598611e-01 6.533861675477013742e-02 1.696692981187372773e+00
1.644915138341517535e-01 1.200000000000000000e+01 6.000000000000000000e+00 1.553729538466857574e-01 7.671734044792821727e-02 2.107648795580219669e+00
1.226053707570858298e-01 1.000000000000000000e+01 5.000000000000000000e+00 1.195892438337512187e-01 6.165931230851604689e-02 1.429752832542751095e+00
1.646123808937413890e-01 1.200000000000000000e+01 6.000000000000000000e+00 1.598979269937234882e-01 7.982779010506514672e-02 1.793227243145697036e+00
1.702857429610401818e-01 1.400000000000000000e+01 7.000000000000000000e+00 1.596965937152924619e-01 7.832428085229989345e-02 2.000397529585832945e+00
1.306012471320861790e-01 1.200000000000000000e+01 6.000000000000000000e+00 1.181838992118993820e-01 5.968669923709016278e-02 1.593025178270293774e+00
1.572406303830373719e-01 1.600000000000000000e+01 8.000000000000000000e+00 1.232434487735187961e-01 6.055214853753947135e-02 1.811649832766133450e+00
1.577450909455835326e-01 1.600000000000000000e+01 8.000000000000000000e+00 1.472995300121687778e-01 7.394202468088434399e-02 2.005247345387022762e+00
1.410380209265751916e-01 8.000000000000000000e+00 4.000000000000000000e+00 1.225638691212755788e-01 5.939949528985972310e-02 1.588495526561766180e+00
1.562681483798691873e-01 1.200000000000000000e+01 6.000000000000000000e+00 1.454682536566205275e-01 6.974969364595084986e-02 1.679373700838345362e+00
1.702641985346581843e-01 8.000000000000000000e+00 4.000000000000000000e+00 1.562616875091271951e-01 7.681709050902013614e-02 1.920206442682380610e+00
1.684737424574046238e-01 6.000000000000000000e+00 3.000000000000000000e+00 1.767598826834986259e-01 8.705607232459899869e-02 1.764698054061705212e+00
1.835791065839486591e-01 1.600000000000000000e+01 8.000000000000000000e+00 1.902823395933459505e-01 9.365521653718639206e-02 2.218545619707330996e+00
1.403024479247446388e-01 1.200000000000000000e+01 6.000000000000000000e+00 1.276626801091798880e-01 6.431650219533274759e-02 1.740580057185640239e+00
1.277657727826395639e-01 8.000000000000000000e+00 4.000000000000000000e+00 1.093577030986793847e-01 5.484715458695232915e-02 1.537892052744760818e+00
1.132862766774243024e-01 4.000000000000000000e+00 2.000000000000000000e+00 9.805928029564997539e-02 4.841752696644716081e-02 1.223090909390093017e+00
8.959347431831864161e-02 2.000000000000000000e+00 1.000000000000000000e+00 8.434841820035406112e-02 4.143829320214806322e-02 9.347684378276169825e-01
1.791519820470704738e-01 1.000000000000000000e+01 5.000000000000000000e+00 1.623340977100820592e-01 8.109431347187463779e-02 1.983761189865856478e+00
1.877235088624387982e-01 1.400000000000000000e+01 7.000000000000000000e+00 1.757383620778374678e-01 8.808076179930501848e-02 1.988170268685038211e+00
2.112921130178268825e-01 1.400000000000000000e+01 7.000000000000000000e+00 1.954536821874358343e-01 9.761841733331387549e-02 2.351444136587098832e+00
2.195856985035862241e-01 1.800000000000000000e+01 1.100000000000000000e+01 2.275322548839674441e-01 1.124314949581973200e-01 2.588543879398044201e+00
1.656050530260281539e-01 1.200000000000000000e+01 6.000000000000000000e+00 1.540399374979651015e-01 7.713948547495069752e-02 1.884468936460824029e+00
9.224923121149256056e-02 4.000000000000000000e+00 2.000000000000000000e+00 8.557216859263688802e-02 4.295929505643203417e-02 1.079514224612058371e+00
5.704239021818851424e-02 0.000000000000000000e+00 0.000000000000000000e+00 5.222833230569317448e-02 2.462105898118550212e-02 7.045262004856676086e-01
1.604442133152455055e-02 0.000000000000000000e+00 0.000000000000000000e+00 9.945059574555372914e-03 4.260431561008996490e-03 1.623997241319102836e-01
3.709850872891785542e-03 0.000000000000000000e+00 0.000000000000000000e+00 1.735387407379832036e-03 4.514654819319592529e-04 3.660002652285578723e-02
4.661956957403178524e-03 0.000000000000000000e+00 0.000000000000000000e+00 4.513955352186383406e-03 1.514709336636793028e-03 4.730105175699633735e-02
1.029252845813061028e-02 0.000000000000000000e+00 0.000000000000000000e+00 1.005815974037639268e-02 4.191481275588047548e-03 1.163296101065635219e-01
8.004085437409090911e-03 0.000000000000000000e+00 0.000000000000000000e+00 7.131722927424148824e-03 2.752237453081496192e-03 9.755041451640196482e-02
6.765401848286447042e-03 0.000000000000000000e+00 0.000000000000000000e+00 6.382210016537028831e-03 1.827498639641104723e-03 9.034461790870315645e-02
6.701465870231833842e-03 0.000000000000000000e+00 0.000000000000000000e+00 6.072728489221338247e-03 2.813904090943791445e-03 8.457218828484452944e-02
6.704162808582699550e-03 0.000000000000000000e+00 0.000000000000000000e+00 5.933034378514150803e-03 2.630584680732610953e-03 8.186716089623974346e-02
3.135095409807520106e-02 0.000000000000000000e+00 0.000000000000000000e+00 2.836702516662837140e-02 1.375676477886846223e-02 2.530433964315313422e-01
1.201820435755535793e-01 6.000000000000000000e+00 3.000000000000000000e+00 1.033211872693201444e-01 5.111679505311125804e-02 1.245947991485235606e+00
1.301014933323648426e-01 6.000000000000000000e+00 3.000000000000000000e+00 1.295993851155233245e-01 6.391163330244489793e-02 1.396912343465538831e+00
5.746865541859469406e-02 0.000000000000000000e+00 0.000000000000000000e+00 4.530536642434365019e-02 2.221005567644164513e-02 5.717599454819318749e-01
1.462574686885148578e-02 0.000000000000000000e+00 0.000000000000000000e+00 8.774065361358022661e-03 4.202927738960474807e-03 1.558426972046160486e-01
4.158519416703567763e-03 0.000000000000000000e+00 0.000000000000000000e+00 3.347430259328189328e-03 1.296900692344133549e-03 4.663189050671926600e-02
5.884014128729145310e-03 0.000000000000000000e+00 0.000000000000000000e+00 5.622265800435950582e-03 2.273581839533146340e-03 6.833886825126456177e-02
2.923453835524455514e-03 0.000000000000000000e+00 0.000000000000000000e+00 2.816713536305155002e-03 9.675417102571301671e-04 3.201565366405567659e-02
2.774856285255911797e-03 0.000000000000000000e+00 0.000000000000000000e+00 2.764417301441765562e-03 5.646244550995670880e-04 3.152189559122089285e-02
3.354106563840954323e-03 0.000000000000000000e+00 0.000000000000000000e+00 3.141055264588303760e-03 1.043838960136476458e-03 3.719673137949759678e-02
1.062005517919661218e-02 0.000000000000000000e+00 0.000000000000000000e+00 6.343500812639261618e-03 2.490997093803522678e-03 8.096111500997826838e-02
2.993920925595595223e-02 0.000000000000000000e+00 0.000000000000000000e+00 2.847087871426530123e-02 1.361167499154930169e-02 2.428261936673348775e-01
2.999627191490607248e-02 0.000000000000000000e+00 0.000000000000000000e+00 3.159452192633427359e-02 1.526759772963812156e-02 2.874115723538608336e-01
5.772779908266734150e-02 0.000000000000000000e+00 0.000000000000000000e+00 5.737433854729705185e-02 2.800169089598894545e-02 5.799376997470072626e-01
3.136415464504253847e-02 0.000000000000000000e+00 0.000000000000000000e+00 2.609361525224524608e-02 1.266747957824899788e-02 2.918476395714215132e-01
8.490246257180722803e-03 0.000000000000000000e+00 0.000000000000000000e+00 6.536107387147807070e-03 2.955873457510201086e-03 8.890789449758036700e-02
4.496029845960640425e-03 0.000000000000000000e+00 0.000000000000000000e+00 3.134884381781044820e-03 8.372973379071374685e-04 5.994496262628807443e-02
5.004830050323171020e-03 0.000000000000000000e+00 0.000000000000000000e+00 4.665838723642494294e-03 2.208266842931483689e-03 4.717847304949422671e-02
5.611850019285711741e-03 0.000000000000000000e+00 0.000000000000000000e+00 4.491873584844935895e-03 1.252632480340796703e-03 5.546817678450001454e-02
1.321126448450525570e-02 0.000000000000000000e+00 0.000000000000000000e+00 1.081410604955719210e-02 4.870786649642043498e-03 1.091935905007422741e-01
9.532982395576684864e-03 0.000000000000000000e+00 0.000000000000000000e+00 8.509610029661279426e-03 3.813843637853194229e-03 1.137058802022026666e-01
1.986596172066132371e-02 0.000000000000000000e+00 0.000000000000000000e+00 1.414890053356026786e-02 6.843837105204454707e-03 1.668476753510626520e-01
4.677196213669911756e-02 2.000000000000000000e+00 1.000000000000000000e+00 3.901423972048471966e-02 1.923930600097782662e-02 4.373259593133919654e-01
2.331740585243573249e-02 0.000000000000000000e+00 0.000000000000000000e+00 2.134433068340418904e-02 9.785457232582207843e-03 2.044093176752956875e-01
1.483702184541995858e-02 0.000000000000000000e+00 0.000000000000000000e+00 1.227555589438283738e-02 5.684056245375591204e-03 1.463810738434378478e-01
9.384119608078906466e-03 0.000000000000000000e+00 0.000000000000000000e+00 7.402694731223607300e-03 3.163079555548391208e-03 8.537296216191127274e-02
1.973483684486825387e-02 0.000000000000000000e+00 0.000000000000000000e+00 1.492932913167588187e-02 7.993038332396402990e-03 1.115275404239963464e-01
3.140451245592437712e-02 0.000000000000000000e+00 0.000000000000000000e+00 2.793260199170473704e-02 1.295065021177077558e-02 2.120138669063823256e-01
8.225705657535432175e-03 0.000000000000000000e+00 0.000000000000000000e+00 2.388852082498923828e-03 6.473501810349475451e-04 6.426822806089838025e-02
1.204050326834100147e-02 0.000000000000000000e+00 0.000000000000000000e+00 1.031554702465928113e-02 4.484099701683510845e-03 1.142616508886840632e-01
1.736990432140927965e-02 0.000000000000000000e+00 0.000000000000000000e+00 1.751275238684702612e-02 8.122965504983791982e-03 1.523174548196388478e-01
1.866473711811328373e-02 0.000000000000000000e+00 0.000000000000000000e+00 1.884218010900932244e-02 8.506360383354824584e-03 1.765806802218768401e-01
4.094781183497382682e-02 0.000000000000000000e+00 0.000000000000000000e+00 3.956587781736444626e-02 1.898464840587029898e-02 2.662732803880558663e-01
6.947866764570900799e-02 0.000000000000000000e+00 0.000000000000000000e+00 6.535869064072906409e-02 3.236027271042096753e-02 5.229609468285912888e-01
8.508791903169869719e-02 2.000000000000000000e+00 1.000000000000000000e+00 8.408190546869843962e-02 4.181588682805223445e-02 6.591179496590123810e-01
8.321401233577203904e-02 4.000000000000000000e+00 2.000000000000000000e+00 6.970091077954070069e-02 3.551312237329580512e-02 6.571959729082453849e-01
9.930423002344311578e-02 6.000000000000000000e+00 3.000000000000000000e+00 8.927223188832732192e-02 4.301317984555957930e-02 8.238718627608548895e-01
5.387015418569592040e-02 2.000000000000000000e+00 1.000000000000000000e+00 4.380915788498371266e-02 2.025780508490417076e-02 5.934911483057246917e-01
8.182318867477124391e-02 2.000000000000000000e+00 1.000000000000000000e+00 8.332961071059936942e-02 4.094709073100419316e-02 6.126218450101460489e-01
6.753592827693367939e-02 0.000000000000000000e+00 0.000000000000000000e+00 5.452242601837444663e-02 2.595714115446906556e-02 5.942385876773013109e-01
8.950837102685341162e-02 4.000000000000000000e+00 2.000000000000000000e+00 7.986935948421064468e-02 3.944865739604977439e-02 6.982577367149808145e-01
1.119731810031164287e-01 6.000000000000000000e+00 3.000000000000000000e+00 1.082581228420280567e-01 5.395672729756471886e-02 9.618430356132915415e-01
1.003679444688985595e-01 4.000000000000000000e+00 2.000000000000000000e+00 1.025322694544750085e-01 5.053336948621586083e-02 6.844354893985102883e-01
1.102096897064372416e-01 1.000000000000000000e+01 5.000000000000000000e+00 1.173745113620585506e-01 5.727226066783691616e-02 8.975243092627929187e-01
1.192884202865632792e-01 6.000000000000000000e+00 3.000000000000000000e+00 1.161762003332736798e-01 5.845239831882889647e-02 9.161858619829416073e-01
9.004846302587418694e-02 4.000000000000000000e+00 2.000000000000000000e+00 9.206641855515558526e-02 4.467221571071050557e-02 8.293526167191338505e-01
6.319227836125672348e-02 2.000000000000000000e+00 1.000000000000000000e+00 4.840370612961287372e-02 2.319469930600363827e-02 5.372398448659654324e-01
6.885765381835252941e-02 0.000000000000000000e+00 0.000000000000000000e+00 5.813797183538454982e-02 2.806648029911343323e-02 6.591387166841239376e-01
3.751490678928450645e-02 0.000000000000000000e+00 0.000000000000000000e+00 3.451573818881371880e-02 1.599070682462448018e-02 3.597326108511707532e-01
5.523427367903194912e-03 0.000000000000000000e+00 0.000000000000000000e+00 1.836198821121480746e-04 -7.040847082151833330e-04 5.117833757679154938e-02
2.915275001893128173e-03 0.000000000000000000e+00 0.000000000000000000e+00 1.671584320943301279e-03 7.220190729774492383e-04 3.676061231858852862e-02
4.949453231733796574e-03 0.000000000000000000e+00 0.000000000000000000e+00 5.367234181091485798e-03 1.753930659723413818e-03 4.462188582616740534e-02
3.409471307102521220e-03 0.000000000000000000e+00 0.000000000000000000e+00 3.339032821423326518e-03 9.807587770902835914e-04 4.694539291250510865e-02
5.833611872455558151e-03 0.000000000000000000e+00 0.000000000000000000e+00 3.330310867081043638e-03 1.068137400878957886e-03 4.599776924551143148e-02
2.835765489550229855e-03 0.000000000000000000e+00 0.000000000000000000e+00 1.800482335492288415e-03 3.848168228299173304e-04 3.689604402274516276e-02
1.044561909009837468e-02 0.000000000000000000e+00 0.000000000000000000e+00 8.968915036498213353e-03 3.801068905937942180e-03 1.004772072387780241e-01
9.336337492559659834e-03 0.000000000000000000e+00 0.000000000000000000e+00 7.728309100409512349e-03 3.133151759506434125e-03 9.681224599203501480e-02
1.361919145181435774e-02 0.000000000000000000e+00 0.000000000000000000e+00 1.034937584951166854e-02 4.272291706401627406e-03 9.407351932318841481e-02
9.754222123798521674e-03 0.000000000000000000e+00 0.000000000000000000e+00 6.487238938697955509e-03 2.494728770180153904e-03 1.010613620690279102e-01
4.194094839262088419e-03 0.000000000000000000e+00 0.000000000000000000e+00 2.218777540500288959e-03 2.746507449459765224e-04 5.359726336138798120e-02
7.511934702549384613e-03 0.000000000000000000e+00 0.000000000000000000e+00 6.272566907363430304e-03 2.386753298944000335e-03 6.289358413804291281e-02
1.091210257435636620e-02 0.000000000000000000e+00 0.000000000000000000e+00 9.868785035749795195e-03 4.046649938119456502e-03 1.021932854118522971e-01
1.464215905326016372e-02 0.000000000000000000e+00 0.000000000000000000e+00 1.294709101261740623e-02 6.005570943702756570e-03 1.215536052484426782e-01
1.337609439574964816e-02 0.000000000000000000e+00 0.000000000000000000e+00 1.320279668926943421e-02 6.244314874166547250e-03 1.319095637929972864e-01
1.234016204186082211e-02 0.000000000000000000e+00 0.000000000000000000e+00 1.015815963076253589e-02 4.273375651713189755e-03 9.790212022940143755e-02
4.987290480660215748e-03 0.000000000000000000e+00 0.000000000000000000e+00 3.422743638195691399e-03 1.171859322562638847e-03 4.661215969201493864e-02
1.648888199363350571e-02 0.000000000000000000e+00 0.000000000000000000e+00 1.533305542031330494e-02 7.071282141982493386e-03 1.456815745269727513e-01
6.277755558233330535e-03 0.000000000000000000e+00 0.000000000000000000e+00 5.475575421095281795e-03 1.968260992560855009e-03 5.914849505315312311e-02
8.882821286740699707e-03 0.000000000000000000e+00 0.000000000000000000e+00 8.189361085530883627e-03 4.395540142965975727e-03 1.029805663931976090e-01
8.243420232853881577e-03 0.000000000000000000e+00 0.000000000000000000e+00 8.922258593249320080e-03 3.352206435454578581e-03 8.200998109187718210e-02
8.376998633047515533e-03 0.000000000000000000e+00 0.000000000000000000e+00 6.568613758984510713e-03 3.021001692210116205e-03 8.897270253807398888e-02
7.367218874064006100e-03 0.000000000000000000e+00 0.000000000000000000e+00 6.202236719587916891e-03 2.648246361631164184e-03 8.025404949832808110e-02
8.759692208840964833e-03 0.000000000000000000e+00 0.000000000000000000e+00 8.547915005908254468e-03 3.599910702810973917e-03 9.396984491846041565e-02
8.650627549787502993e-03 0.000000000000000000e+00 0.000000000000000000e+00 9.557091525620554223e-03 4.656116204070508829e-03 7.421590944465250583e-02
8.207547797540445944e-03 0.000000000000000000e+00 0.000000000000000000e+00 9.153522708639127287e-03 3.791471561560740000e-03 8.616382322182056241e-02
1.563911170956034519e-02 0.000000000000000000e+00 0.000000000000000000e+00 1.538115703358027518e-02 7.531860630725333537e-03 1.811778543528831664e-01
1.304349817678251110e-02 0.000000000000000000e+00 0.000000000000000000e+00 1.401043918295472035e-02 4.600284361829968388e-03 1.418989493680581082e-01
1.305241345004887372e-02 0.000000000000000000e+00 0.000000000000000000e+00 1.169731685591708127e-02 7.388963512096365441e-03 1.488581324700928576e-01
1.745331209216289745e-02 0.000000000000000000e+00 0.000000000000000000e+00 1.842544441458726645e-02 5.089503471974288207e-03 1.222510617245268078e-01
1.168671135833095065e-02 0.000000000000000000e+00 0.000000000000000000e+00 1.005252859806023136e-02 4.178245412939365563e-03 1.472356388321658938e-01
1.136613188576324728e-02 0.000000000000000000e+00 0.000000000000000000e+00 1.032710032038770126e-02 6.521015518843743808e-03 1.533183806981860409e-01
2.626596504943088869e-02 0.000000000000000000e+00 0.000000000000000000e+00 3.078002915730542258e-02 3.038324913003613917e-02 1.363513894511373947e-01
6.334600993652109158e-02 2.000000000000000000e+00 1.000000000000000000e+00 5.944009413643032425e-02 1.650279991384845379e-02 2.972024573369778655e-01
2.535873255102424895e-02 0.000000000000000000e+00 0.000000000000000000e+00 2.277720416192530531e-02 2.678848174522940537e-03 1.503252575784967959e-01
3.748458737798790463e-02 0.000000000000000000e+00 0.000000000000000000e+00 5.692672350958394301e-02 5.657569395911071775e-02 1.472861093432621393e-01
5.463797885658061571e-02 0.000000000000000000e+00 0.000000000000000000e+00 4.017632570833151034e-02 1.067892415017716520e-02 1.590215135794125767e-01
2.370605003952626008e-02 0.000000000000000000e+00 0.000000000000000000e+00 1.699656192086124173e-02 5.387277688379183728e-04 2.592963737634685351e-01
2.638329026724597903e-02 0.000000000000000000e+00 0.000000000000000000e+00 2.838427912752938473e-02 2.248129516985165888e-02 1.718830175493312740e-01
6.404697886958761466e-02 0.000000000000000000e+00 0.000000000000000000e+00 6.275382828580852723e-02 4.231082797341431667e-02 3.959632812090140286e-01
5.045631513585312894e-02 0.000000000000000000e+00 0.000000000000000000e+00 4.450542310218723319e-02 1.241691733684903085e-02 1.313420130695784060e-01
7.023793740779600558e-02 2.000000000000000000e+00 1.000000000000000000e+00 5.501162395677481470e-02 4.115558058176818634e-02 1.567139252855224707e-01
8.953975655408204226e-02 0.000000000000000000e+00 0.000000000000000000e+00 1.132788775301859091e-01 -6.182304444206528776e-03 1.984120000295673258e-01
6.963472300530489101e-02 2.000000000000000000e+00 1.000000000000000000e+00 7.450097213223377812e-02 2.914343548893338909e-02 1.795228927851693357e-01
9.429847897455795325e-03 0.000000000000000000e+00 0.000000000000000000e+00 1.372904529857705072e-02 3.900167622098979492e-03 1.136241756997384694e-01
1.189927138871750383e-02 0.000000000000000000e+00 0.000000000000000000e+00 1.235598913236139913e-02 2.378306916665887463e-03 1.360684762258135005e-01
1.471331912724337977e-02 0.000000000000000000e+00 0.000000000000000000e+00 1.465721725168915926e-02 5.096885626436089417e-03 1.278130352615459431e-01
1.506528090221485525e-02 0.000000000000000000e+00 0.000000000000000000e+00 1.369744998679073289e-02 6.297275496071775419e-03 1.181197263207348774e-01
3.346387491384591323e-02 0.000000000000000000e+00 0.000000000000000000e+00 2.935315994990909602e-02 1.050583377740012259e-02 1.815658694456157296e-01
2.091823964299929436e-02 0.000000000000000000e+00 0.000000000000000000e+00 1.985284449048484515e-02 1.005161483790864563e-02 2.524193805604169061e-01
2.755210315629911394e-02 0.000000000000000000e+00 0.000000000000000000e+00 2.771577276310841290e-02 1.553871794369216311e-02 2.129721508517271877e-01
1.170260250686267801e-02 0.000000000000000000e+00 0.000000000000000000e+00 1.072288634032617267e-02 5.122925470339388491e-03 1.306048105157554817e-01
1.049567574587947569e-02 0.000000000000000000e+00 0.000000000000000000e+00 1.019436025490002597e-02 4.844960132281521392e-03 8.652596967466749667e-02
1.563450710291075171e-02 0.000000000000000000e+00 0.000000000000000000e+00 1.647531294123410692e-02 8.597830438219423305e-03 1.681983263853540078e-01
1.583996918846181448e-02 0.000000000000000000e+00 0.000000000000000000e+00 1.578753528819879307e-02 1.841062135815274472e-03 1.421401053740080633e-01
2.262357398521311347e-02 0.000000000000000000e+00 0.000000000000000000e+00 2.216026590452500541e-02 1.263480632651292970e-02 1.860463815783405250e-01
2.263936919580838286e-02 0.000000000000000000e+00 0.000000000000000000e+00 2.110590388858364641e-02 9.927007896186265667e-03 1.444009847693125681e-01
3.752664002063189203e-02 0.000000000000000000e+00 0.000000000000000000e+00 4.039924342396865320e-02 1.896528380452069951e-02 2.624310044244979045e-01
4.053564471556506815e-02 0.000000000000000000e+00 0.000000000000000000e+00 3.450770183194005331e-02 2.056483248335672087e-02 2.530207706889208708e-01
3.321327434066755069e-02 0.000000000000000000e+00 0.000000000000000000e+00 3.162849115320129356e-02 2.696779270154243957e-02 2.398318304163825632e-01
5.840813084652675402e-02 0.000000000000000000e+00 0.000000000000000000e+00 5.354165475716322203e-02 1.164688202915466556e-02 3.607462221454164619e-01
8.186333248247300298e-02 6.000000000000000000e+00 3.000000000000000000e+00 8.075906561891647850e-02 4.783304423890571977e-02 4.327862283241552532e-01
5.787371056402861036e-02 0.000000000000000000e+00 0.000000000000000000e+00 4.697729471093674974e-02 2.281201574848994856e-02 4.848523628483736858e-01
8.012583900363932921e-02 0.000000000000000000e+00 0.000000000000000000e+00 7.345173600196629182e-02 3.243264238690574119e-02 4.875946905375314055e-01
7.062501049166622358e-02 2.000000000000000000e+00 1.000000000000000000e+00 6.318208790094421989e-02 2.252980515820319704e-02 4.717218648667856895e-01
6.393751402803757311e-02 0.000000000000000000e+00 0.000000000000000000e+00 6.624311425284805377e-02 1.905073684325679986e-02 3.848855996301978055e-01
5.564042392623769206e-02 0.000000000000000000e+00 0.000000000000000000e+00 7.132887918712119135e-02 -2.431887396172502120e-03 2.388425651898968272e-01
4.511382057515497118e-02 0.000000000000000000e+00 0.000000000000000000e+00 5.104183143861027588e-02 6.548486478659552162e-03 2.289868875587452446e-01
5.601616020462066997e-02 0.000000000000000000e+00 0.000000000000000000e+00 5.611190981325707428e-02 2.093942367832667129e-02 2.222358469328949426e-01
4.824441294689594401e-02 0.000000000000000000e+00 0.000000000000000000e+00 4.678485767302333065e-02 2.075775652732828047e-02 3.468113563594313331e-01
4.430813328132148649e-02 0.000000000000000000e+00 0.000000000000000000e+00 4.645138180827609181e-02 2.133645179690008692e-02 2.473432133626575768e-01
4.170817448868402444e-02 0.000000000000000000e+00 0.000000000000000000e+00 4.297630225806328697e-02 3.669507240745731314e-02 1.327752970182584369e-01
1.439455325087699855e-01 0.000000000000000000e+00 0.000000000000000000e+00 1.723400057901967874e-01 5.544845274625469569e-03 3.906769977537105643e-01
4.193350689387742025e-01 2.000000000000000000e+00 3.000000000000000000e+00 5.263407749604704922e-01 2.136946718389687305e-01 8.391712252802534522e-01
1.216906658779611794e-01 0.000000000000000000e+00 0.000000000000000000e+00 1.141903993013777541e-01 2.554975729558892072e-02 2.463436403881117953e-01
8.152296142011582203e-02 2.000000000000000000e+00 1.000000000000000000e+00 6.787381371278253250e-02 4.744712219379768059e-02 3.632209812634548673e-01
5.277805761628168862e-02 0.000000000000000000e+00 0.000000000000000000e+00 4.511303933550542267e-02 1.613764121117940847e-02 1.599742349463058599e-01
3.662758563667570244e-02 0.000000000000000000e+00 0.000000000000000000e+00 3.067116053467678488e-02 2.006565256662792840e-02 3.167135456035582441e-01
2.668960283296843011e-02 0.000000000000000000e+00 0.000000000000000000e+00 2.382130975186531538e-02 1.082682916249472216e-02 2.581927671369450561e-01
3.494857772050841138e-02 0.000000000000000000e+00 0.000000000000000000e+00 3.658946145716863996e-02 1.039479082437990906e-02 3.350919445151171461e-01
1.955747050830878783e-02 0.000000000000000000e+00 0.000000000000000000e+00 1.727690214995008383e-02 1.015071421001853547e-02 1.979473298319972263e-01
5.784167955713762771e-02 2.000000000000000000e+00 1.000000000000000000e+00 6.036778463339368545e-02 3.787314323032801161e-02 3.632726145519805105e-01
6.233996780135685895e-02 2.000000000000000000e+00 1.000000000000000000e+00 5.444250485401085776e-02 3.092722210346954270e-02 6.237035171932435729e-01
4.519518914369820284e-02 0.000000000000000000e+00 0.000000000000000000e+00 3.711510701444149796e-02 1.415924257330843095e-02 4.330625320651327326e-01
1.978465221758411718e-01 8.000000000000000000e+00 4.000000000000000000e+00 2.059097123677791907e-01 1.102587090132205461e-01 1.454499881796591065e+00
1.663410380438080927e-01 1.200000000000000000e+01 6.000000000000000000e+00 1.672513992337165967e-01 9.104397825950774625e-02 1.881840123935906606e+00
2.529347383333505617e-01 1.600000000000000000e+01 8.000000000000000000e+00 2.556171449870938139e-01 1.117906303732322248e-01 2.278057702028942089e+00
3.274607392729165234e-01 1.200000000000000000e+01 1.400000000000000000e+01 3.621719011395583276e-01 1.811458225388319077e-01 2.904379908391323095e+00
2.999021913161841191e-01 1.400000000000000000e+01 7.000000000000000000e+00 3.020307222902503530e-01 1.387473542727362119e-01 2.752648337255274136e+00
2.598988296478904614e-01 2.000000000000000000e+01 1.200000000000000000e+01 2.467314710674026468e-01 1.270584364304675473e-01 2.893673592704009145e+00
3.214057837734126677e-01 1.800000000000000000e+01 1.700000000000000000e+01 3.463875447485539327e-01 1.900102909892751324e-01 2.954806253189494303e+00
2.851886727594129534e-01 1.800000000000000000e+01 9.000000000000000000e+00 2.652268998531082667e-01 1.302982747570397559e-01 3.257623768927222052e+00
2.632785570484128534e-01 2.000000000000000000e+01 1.200000000000000000e+01 2.610743183660925726e-01 1.260863316553891833e-01 2.954273978109339005e+00
3.231844566788987794e-01 1.800000000000000000e+01 1.300000000000000000e+01 3.274419358355248333e-01 1.594505932518056612e-01 3.156764599164402441e+00
3.007726254559563439e-01 1.800000000000000000e+01 9.000000000000000000e+00 2.909092230511215460e-01 1.651589052757560516e-01 2.857983186590002944e+00
2.773246658143174725e-01 1.600000000000000000e+01 8.000000000000000000e+00 2.628890894599813510e-01 1.134976067094575075e-01 2.715234634472079023e+00
3.291586986136667559e-01 1.800000000000000000e+01 9.000000000000000000e+00 3.444268079682809569e-01 1.665854040672970215e-01 3.041997866759933444e+00
2.653036382166878981e-01 1.600000000000000000e+01 8.000000000000000000e+00 2.548777384853966876e-01 1.232586789135288879e-01 2.711597203905893316e+00
3.036740479355176658e-01 1.800000000000000000e+01 9.000000000000000000e+00 3.100800475612404128e-01 1.519720057319970952e-01 3.097494562135403751e+00
2.404561551581710921e-01 1.200000000000000000e+01 8.000000000000000000e+00 2.175198027537077194e-01 1.403408292710214000e-01 2.505250531302228634e+00
3.952866578872806791e-01 8.000000000000000000e+00 8.000000000000000000e+00 4.207015779046617276e-01 2.604353005345689809e-01 2.306209754549476632e+00
2.503251884555512952e-01 1.400000000000000000e+01 9.000000000000000000e+00 2.510920289406733397e-01 1.290740906111392250e-01 2.053930117316877801e+00
2.444899467556223838e-01 1.600000000000000000e+01 1.000000000000000000e+01 2.581682300736305447e-01 1.450901981657137518e-01 2.179282925567768370e+00
2.875160328451434877e-01 2.000000000000000000e+01 1.000000000000000000e+01 2.881331970606426651e-01 1.280302679021405876e-01 3.083791799985949211e+00
1.813401016412496958e-01 1.600000000000000000e+01 8.000000000000000000e+00 1.867772450485359337e-01 1.018043709466704277e-01 1.729521012076485453e+00
2.700277321187854462e-01 1.400000000000000000e+01 7.000000000000000000e+00 2.583638376784201940e-01 1.288238619348677227e-01 2.376237747457640825e+00
1.657878009008639242e-01 1.200000000000000000e+01 6.000000000000000000e+00 1.632008404589354034e-01 8.123818032715118820e-02 1.842169572274952705e+00
1.679509497645282901e-01 1.200000000000000000e+01 6.000000000000000000e+00 1.684445996292600611e-01 9.912055387378393423e-02 1.666201592815623300e+00
2.096936547222885416e-01 1.000000000000000000e+01 7.000000000000000000e+00 2.203562721792361456e-01 1.036569920420030155e-01 1.723565849598303279e+00
2.090082066749085754e-01 1.000000000000000000e+01 5.000000000000000000e+00 2.079835977155490845e-01 1.089760090489710898e-01 2.089865812727892180e+00
1.885882839121177101e-01 1.600000000000000000e+01 8.000000000000000000e+00 1.697850236810781177e-01 8.183930118638743645e-02 1.712627628724630258e+00
2.041558640195711705e-01 1.200000000000000000e+01 6.000000000000000000e+00 1.884067091475339073e-01 9.807983733915029423e-02 1.829650000268392418e+00
2.009762092453451221e-01 1.200000000000000000e+01 6.000000000000000000e+00 1.641744688922429085e-01 8.853292648561356115e-02 1.785082523548889855e+00
2.255311852568843145e-01 1.400000000000000000e+01 7.000000000000000000e+00 1.947883176386922821e-01 9.856843536402792871e-02 2.035658164850978835e+00
2.644791115654860358e-01 2.000000000000000000e+01 1.000000000000000000e+01 2.451371510505287732e-01 1.288597227424563563e-01 2.255620298042598115e+00
1.898058656750496176e-01 1.000000000000000000e+01 7.000000000000000000e+00 1.819450773320290538e-01 9.163250853430560117e-02 1.848966768930350391e+00
1.733248116262554595e-01 8.000000000000000000e+00 4.000000000000000000e+00 1.317885874434688853e-01 6.768629218427527072e-02 1.717743019872940868e+00
2.203721611763111154e-01 6.000000000000000000e+00 3.000000000000000000e+00 1.766062968158758906e-01 9.048720483916904145e-02 2.390069252830802959e+00
1.984592777066963853e-01 1.000000000000000000e+01 5.000000000000000000e+00 1.935460150411449087e-01 1.035368413007290156e-01 1.589475296356184231e+00
1.134126519860463589e-01 4.000000000000000000e+00 2.000000000000000000e+00 1.196383952955282215e-01 5.994027541526086161e-02 1.086672758551292750e+00
9.287068540763933344e-02 4.000000000000000000e+00 2.000000000000000000e+00 8.763248774301045374e-02 4.500488188733950401e-02 9.184240133526243577e-01
1.169470063416614691e-01 4.000000000000000000e+00 2.000000000000000000e+00 8.532509506715341141e-02 4.459058158767194996e-02 1.027728601790784735e+00
1.183838036221345758e-01 8.000000000000000000e+00 4.000000000000000000e+00 1.058204037871872255e-01 5.232742181463461567e-02 1.508812792281294390e+00
1.063600185118002001e-01 6.000000000000000000e+00 3.000000000000000000e+00 1.040080415585398349e-01 5.658379876865804459e-02 8.987019887793169515e-01
1.563566647441114177e-01 1.000000000000000000e+01 5.000000000000000000e+00 1.460086935426645471e-01 7.547292658658655284e-02 1.285909785532914240e+00
2.048120937410416176e-01 1.000000000000000000e+01 5.000000000000000000e+00 1.858338202481403245e-01 9.744198436649453843e-02 1.719282576941924878e+00
1.655960375728338652e-01 1.000000000000000000e+01 7.000000000000000000e+00 1.368414789481409155e-01 7.091225500307603291e-02 1.133534714756960771e+00
1.403244989673302634e-01 4.000000000000000000e+00 2.000000000000000000e+00 1.085094937041102825e-01 5.628159833552062730e-02 1.498443716421059779e+00
1.737718629805821979e-01 1.000000000000000000e+01 5.000000000000000000e+00 1.834628527013468791e-01 9.525489636524676895e-02 1.301972967313735685e+00
8.479154970469443553e-02 4.000000000000000000e+00 2.000000000000000000e+00 7.957261278338396970e-02 3.535044901905715076e-02 8.202015859778977180e-01
9.081384375757481364e-02 4.000000000000000000e+00 2.000000000000000000e+00 1.037000311093428107e-01 6.517309695898090838e-02 6.645979309047196359e-01
1.126159697322037939e-01 2.000000000000000000e+00 1.000000000000000000e+00 1.222493875938668872e-01 5.554052730283198791e-02 3.334076908434741027e-01
1.001437915932659600e-01 0.000000000000000000e+00 0.000000000000000000e+00 1.116016359818407244e-01 3.718612730633973507e-03 3.139550668761734165e-01
1.015939580149695792e-01 0.000000000000000000e+00 0.000000000000000000e+00 1.201452034445754241e-01 2.661938206612300163e-03 1.428136994427989803e-01
6.897208702062226915e-02 0.000000000000000000e+00 0.000000000000000000e+00 8.034685196780175231e-02 1.305403183593206078e-03 1.902804277602011263e-01
4.953929990736118116e-02 0.000000000000000000e+00 0.000000000000000000e+00 5.944660915791490780e-02 6.187052188192582181e-02 1.345361322952997318e-01
2.329510094348133040e-02 0.000000000000000000e+00 0.000000000000000000e+00 2.083871035621891188e-02 1.352637711204267811e-02 2.162084761240450625e-01
3.385142045157404217e-02 0.000000000000000000e+00 0.000000000000000000e+00 2.761993188161867424e-02 1.400619015793415356e-02 2.144652811600758491e-01
2.024766294638543143e-02 0.000000000000000000e+00 0.000000000000000000e+00 1.746655252577329967e-02 7.785019313473531648e-03 1.136091493119606860e-01
6.390611736027619616e-02 0.000000000000000000e+00 0.000000000000000000e+00 3.123660132527618025e-02 8.586233700119606793e-03 2.495220535333634859e-01
1.252547379677967747e-02 0.000000000000000000e+00 0.000000000000000000e+00 3.398713598809805815e-03 1.130955569486159079e-03 1.010608070020682786e-01
2.894349624624163383e-02 0.000000000000000000e+00 0.000000000000000000e+00 2.201634224546225940e-02 9.029119260743283248e-03 1.547980991836652165e-01
1.613632039289979864e-02 0.000000000000000000e+00 0.000000000000000000e+00 1.250564604703113813e-02 5.331679753249577054e-03 9.595570583424772870e-02
9.961102342574712845e-03 0.000000000000000000e+00 0.000000000000000000e+00 9.976053221501923057e-03 1.728853823805973772e-03 8.156155744504325900e-02
1.761094407886514696e-02 0.000000000000000000e+00 0.000000000000000000e+00 2.217350994594034438e-02 2.055652726191880761e-02 8.294001363543272720e-02
2.236848437801629633e-02 0.000000000000000000e+00 0.000000000000000000e+00 2.136843321601257506e-02 9.945610285322627198e-03 1.778061543799895616e-01
1.581155975912890144e-02 0.000000000000000000e+00 0.000000000000000000e+00 1.244241575989519025e-02 5.244496491784068730e-03 1.180672885060968652e-01
1.802531088938449585e-02 0.000000000000000000e+00 0.000000000000000000e+00 1.783117654390777365e-02 7.962432418129605782e-03 1.453252552281108223e-01
2.497500706768471940e-02 0.000000000000000000e+00 0.000000000000000000e+00 1.996195063031107678e-02 5.389510077548356759e-03 1.572145699018633880e-01
3.178501775797026169e-02 0.000000000000000000e+00 0.000000000000000000e+00 2.949274618212139459e-02 1.935020743954809358e-02 2.646414422554622115e-01
1.767586463775739150e-02 0.000000000000000000e+00 0.000000000000000000e+00 1.785082764153630985e-02 9.216940153594581353e-03 1.656839365484165660e-01
3.097260656026471284e-02 0.000000000000000000e+00 0.000000000000000000e+00 2.701771429257165610e-02 1.268221026293028797e-02 2.334875636524202935e-01
2.823193680035964923e-02 0.000000000000000000e+00 0.000000000000000000e+00 2.434229138312341001e-02 1.139521407186799840e-02 2.588592673093984553e-01
3.607524440167983459e-02 0.000000000000000000e+00 0.000000000000000000e+00 3.398710070761544466e-02 1.631842750149339882e-02 2.959802486191759341e-01
4.778973752748336135e-02 0.000000000000000000e+00 0.000000000000000000e+00 4.539311656095029734e-02 2.133844473196214175e-02 3.231388998464751472e-01
2.238545675975292873e-02 0.000000000000000000e+00 0.000000000000000000e+00 1.783316875278102495e-02 8.158543257369699209e-03 1.359045865093991279e-01
7.644756986915483311e-03 0.000000000000000000e+00 0.000000000000000000e+00 7.083299049867947811e-03 3.492352369065657158e-03 7.998492392800429784e-02
9.712910258653244602e-03 0.000000000000000000e+00 0.000000000000000000e+00 7.217493885822095535e-03 2.267878356218178300e-03 9.479907425549202737e-02
3.027605475537830867e-02 0.000000000000000000e+00 0.000000000000000000e+00 2.375700750009247103e-02 9.916199587391661893e-03 2.454341415417208572e-01
7.411400003169225925e-02 2.000000000000000000e+00 1.000000000000000000e+00 6.945044920401294286e-02 3.774806101702496419e-02 6.879056475612375099e-01
1.364737810212666713e-01 1.000000000000000000e+01 9.000000000000000000e+00 1.221056551981073435e-01 5.070357793180477191e-02 1.305904602969268025e+00
2.415571241807500102e-01 1.400000000000000000e+01 7.000000000000000000e+00 2.229788252386939729e-01 1.126999205228872425e-01 2.682342167147075962e+00
2.724133595453921419e-01 2.000000000000000000e+01 1.000000000000000000e+01 2.540166955490471001e-01 1.277163543957530178e-01 3.090181109133527393e+00
2.855012564129599806e-01 1.800000000000000000e+01 9.000000000000000000e+00 2.616088921663838884e-01 1.339421500925106756e-01 3.242526765063991068e+00
2.375379177860236224e-01 1.400000000000000000e+01 7.000000000000000000e+00 2.205898919862899488e-01 1.106584430329638769e-01 2.567956466767622459e+00
2.350982348511751197e-01 1.400000000000000000e+01 7.000000000000000000e+00 2.223782686491183880e-01 8.067697277066501749e-02 2.439366131280706007e+00
4.044055637080333498e-02 0.000000000000000000e+00 0.000000000000000000e+00 2.669847812537931228e-02 1.819499403318193542e-02 3.505189299192227326e-01
1.264742578473317808e-02 0.000000000000000000e+00 0.000000000000000000e+00 6.145913856742742098e-03 4.420809736498169246e-03 1.229318822828794899e-01
8.757729611126377489e-03 0.000000000000000000e+00 0.000000000000000000e+00 6.310932958267475787e-03 2.464676500698067055e-03 6.744343155660140199e-02
4.685447125669866576e-03 0.000000000000000000e+00 0.000000000000000000e+00 4.055498972668088696e-03 1.060391391181939209e-03 5.575151988466786612e-02
1.831468694368061645e-02 0.000000000000000000e+00 0.000000000000000000e+00 1.668875029432661389e-02 9.754988539213492460e-03 7.816228390233188883e-02
1.149723667117104678e-02 0.000000000000000000e+00 0.000000000000000000e+00 7.678091304138292411e-03 2.989650459815508966e-03 1.078327201436923427e-01
5.704330494088727388e-02 2.000000000000000000e+00 1.000000000000000000e+00 5.321589437166534403e-02 2.461780835198269790e-02 5.419809602091016920e-01
1.306032427916000160e-01 8.000000000000000000e+00 4.000000000000000000e+00 1.232188662326943185e-01 5.926032536241056942e-02 1.157027053583032483e+00
2.415880850002922742e-01 1.800000000000000000e+01 9.000000000000000000e+00 2.318215317359989536e-01 1.176444154322130592e-01 2.635061048594338651e+00
1.933099417921675944e-01 1.600000000000000000e+01 8.000000000000000000e+00 1.691712772631717987e-01 8.304680937988397071e-02 1.905934371888953427e+00
1.586459831247584995e-01 1.600000000000000000e+01 8.000000000000000000e+00 1.393849010388723830e-01 6.988946399355953909e-02 1.952709289485307309e+00
1.713818116321101925e-01 1.600000000000000000e+01 8.000000000000000000e+00 1.660686932630600354e-01 8.093926203913312523e-02 2.176013985133022910e+00
1.065843854288355125e-01 8.000000000000000000e+00 4.000000000000000000e+00 9.289061352695922313e-02 5.227125976447468542e-02 1.284983891908658471e+00
6.269934113801610420e-02 0.000000000000000000e+00 0.000000000000000000e+00 5.822663633536716982e-02 2.864816652215315673e-02 7.039049601385644062e-01
2.169208987100597688e-02 0.000000000000000000e+00 0.000000000000000000e+00 1.583966450036601234e-02 8.033999994471897194e-03 2.109517191793017499e-01
5.178446601222157740e-03 0.000000000000000000e+00 0.000000000000000000e+00 4.222752084897285138e-03 1.767051877777640889e-03 5.414667108936067202e-02
4.895737278884891575e-03 0.000000000000000000e+00 0.000000000000000000e+00 4.332077941893656969e-03 1.881406555111892615e-03 6.026232916193443451e-02
3.246356617151920781e-02 0.000000000000000000e+00 0.000000000000000000e+00 3.391275777743518738e-02 6.750709655681994513e-03 7.597263253269651018e-02
7.602551275010516890e-03 0.000000000000000000e+00 0.000000000000000000e+00 5.565391663240423781e-03 2.267308161862971374e-03 6.613575122099529802e-02
4.464053252623312318e-02 0.000000000000000000e+00 0.000000000000000000e+00 4.251346348894951416e-02 2.109211138276718273e-02 3.794400607382975021e-01
1.553006932172884269e-01 6.000000000000000000e+00 3.000000000000000000e+00 1.599968265415254165e-01 7.831732077429676142e-02 1.367932674854045905e+00
2.478315526108438027e-01 1.200000000000000000e+01 6.000000000000000000e+00 2.684056718795949648e-01 1.315363678903364031e-01 2.576160700920719027e+00
1.626530504823544832e-01 1.400000000000000000e+01 7.000000000000000000e+00 1.662224619543959669e-01 8.227339618757982531e-02 1.967729739382445109e+00
2.103617638687922953e-01 1.600000000000000000e+01 8.000000000000000000e+00 1.997242560896722585e-01 1.100928141676493638e-01 2.324060216563959003e+00
1.508320573241782314e-01 1.400000000000000000e+01 7.000000000000000000e+00 1.397535054539499055e-01 6.949603151674138557e-02 1.846420119774185187e+00
1.898300912325539824e-01 1.400000000000000000e+01 7.000000000000000000e+00 1.600299726694151548e-01 7.771662973252768669e-02 2.361991164557527334e+00
1.800844859798824138e-01 8.000000000000000000e+00 4.000000000000000000e+00 1.753400550412673453e-01 8.632296896578087186e-02 1.795800544829397438e+00
1.049532192622932986e-01 1.000000000000000000e+01 5.000000000000000000e+00 9.450328855491145486e-02 4.702710246782990794e-02 1.100270067583963618e+00
6.342195726407826029e-02 2.000000000000000000e+00 1.000000000000000000e+00 5.557795049616697652e-02 2.721294165626131356e-02 7.511910450718845000e-01
9.872702767633132967e-03 0.000000000000000000e+00 0.000000000000000000e+00 7.321065532238172670e-03 3.551028310032046387e-03 1.054324104356458153e-01
9.702587999974615629e-03 0.000000000000000000e+00 0.000000000000000000e+00 8.237619657596300174e-03 4.263683839601180997e-03 1.048449508422769350e-01
1.973573836485380609e-02 0.000000000000000000e+00 0.000000000000000000e+00 1.642694365870947873e-02 7.103770707088258307e-03 1.707213758492510114e-01
1.926529815164951254e-02 0.000000000000000000e+00 0.000000000000000000e+00 1.762228458500043546e-02 8.704868106157746810e-03 1.713423655558684311e-01
1.100650578709024170e-02 0.000000000000000000e+00 0.000000000000000000e+00 1.036891407180470619e-02 3.566665847916795917e-03 1.096737392123886129e-01
8.222111871424195653e-03 0.000000000000000000e+00 0.000000000000000000e+00 7.792227485581749817e-03 3.825529230928069457e-03 8.436381940680175162e-02
7.685602092766142569e-03 0.000000000000000000e+00 0.000000000000000000e+00 7.063548764653843938e-03 3.583371453346560070e-03 9.270854086199788180e-02
8.064063207396448760e-03 0.000000000000000000e+00 0.000000000000000000e+00 7.630437306268258481e-03 2.684394871620488995e-03 8.327390726996926340e-02
1.710800897585199043e-02 0.000000000000000000e+00 0.000000000000000000e+00 1.650123893614393114e-02 7.401386204860201101e-03 1.308661752438067261e-01
7.252444714414879937e-03 0.000000000000000000e+00 0.000000000000000000e+00 7.523630229192303925e-03 3.607608468045531581e-03 7.800201356636186911e-02
5.635738241304938216e-03 0.000000000000000000e+00 0.000000000000000000e+00 5.238910960255879420e-03 3.116280503546623587e-03 6.594527389357235370e-02
6.655615111972140903e-03 0.000000000000000000e+00 0.000000000000000000e+00 5.791338060341759408e-03 1.662393342802009726e-03 7.793912564917095109e-02
5.249573536797433326e-03 0.000000000000000000e+00 0.000000000000000000e+00 4.790161496325846986e-03 1.392967568680214844e-03 7.136175929731805589e-02
6.206771632781383531e-03 0.000000000000000000e+00 0.000000000000000000e+00 5.991087997231718185e-03 2.708430207040170984e-03 7.597222177570374380e-02
4.433765831364950075e-03 0.000000000000000000e+00 0.000000000000000000e+00 3.792636255336854362e-03 1.466934798850600720e-03 6.405802910236992054e-02
5.787046370535789235e-03 0.000000000000000000e+00 0.000000000000000000e+00 5.725512156416842462e-03 1.483694086050979955e-03 7.007415838536452946e-02
5.281324545649322168e-03 0.000000000000000000e+00 0.000000000000000000e+00 4.895146687702241900e-03 1.854479664671565206e-03 6.405877964164287397e-02
4.939224613921205410e-03 0.000000000000000000e+00 0.000000000000000000e+00 4.661660686767820326e-03 1.803089364302470909e-03 6.184406826082291392e-02
5.510177898269401353e-03 0.000000000000000000e+00 0.000000000000000000e+00 4.621056345506079598e-03 1.643300127727846845e-03 6.589263281790244675e-02
