4.916137270216921866e-03 0.000000000000000000e+00 0.000000000000000000e+00 5.295129009223305261e-03 1.951084865804045276e-03 6.070897983656747821e-02
4.452593566775017025e-03 0.000000000000000000e+00 0.000000000000000000e+00 3.980900015588794034e-03 1.279609364246183474e-03 4.918930313389677927e-02
4.660635383245187099e-03 0.000000000000000000e+00 0.000000000000000000e+00 4.557887007142936465e-03 1.474175293729958203e-03 5.907037571041275081e-02
5.296457180595836971e-03 0.000000000000000000e+00 0.000000000000000000e+00 5.085812261363274224e-03 2.496314611242833603e-03 6.112819123566831658e-02
6.224790430330109231e-03 0.000000000000000000e+00 0.000000000000000000e+00 6.311350524112284248e-03 2.353421840742855181e-03 6.872378165232345681e-02
5.139840931500315804e-03 0.000000000000000000e+00 0.000000000000000000e+00 4.653178380940146616e-03 1.951483670870687512e-03 6.141778162899231425e-02
4.676378800086617750e-03 0.000000000000000000e+00 0.000000000000000000e+00 4.665967404885235613e-03 2.131657621844734035e-03 5.896455143016820361e-02
5.851389890020592191e-03 0.000000000000000000e+00 0.000000000000000000e+00 5.468600437160095994e-03 2.049852512615168640e-03 6.733299188674618518e-02
4.989931604624456805e-03 0.000000000000000000e+00 0.000000000000000000e+00 4.481850225071295699e-03 1.654316848989255059e-03 5.839655940372566467e-02
4.345541939122274377e-03 0.000000000000000000e+00 0.000000000000000000e+00 4.321182966437409935e-03 2.174125228227127143e-03 5.689888834324150629e-02
8.327111044784870145e-03 0.000000000000000000e+00 0.000000000000000000e+00 7.352619903180562799e-03 3.306813811400589539e-03 9.112282115319980669e-02
5.061028447912172164e-03 0.000000000000000000e+00 0.000000000000000000e+00 4.959107641267745427e-03 1.757932392684594287e-03 5.139858748292206597e-02
5.760518250504916352e-03 0.000000000000000000e+00 0.000000000000000000e+00 5.781599157244689605e-03 1.457981373664822729e-03 6.674605041201829569e-02
6.398989914847378301e-03 0.000000000000000000e+00 0.000000000000000000e+00 6.592990990553227945e-03 2.548111651568709182e-03 5.637130761664280870e-02
7.213572489462692292e-03 0.000000000000000000e+00 0.000000000000000000e+00 7.082701657603354857e-03 2.469517156375152477e-03 6.745496090947324108e-02
6.089872897776370253e-03 0.000000000000000000e+00 0.000000000000000000e+00 6.437752906884411895e-03 2.006105650692215168e-03 6.204513457388293601e-02
5.569067493138626750e-03 0.000000000000000000e+00 0.000000000000000000e+00 5.093020060589037445e-03 2.019278924955403721e-03 6.040660613715131966e-02
5.667754618564111065e-03 0.000000000000000000e+00 0.000000000000000000e+00 5.116028741463512879e-03 2.060651002991491752e-03 6.050162346693773591e-02
6.065672126023101927e-03 0.000000000000000000e+00 0.000000000000000000e+00 5.481055519901711394e-03 2.006187310386519859e-03 6.814936469473392711e-02
5.820695764371747183e-03 0.000000000000000000e+00 0.000000000000000000e+00 5.787519381554051892e-03 1.731893415200279514e-03 6.596387512001848641e-02
5.647650057220486748e-03 0.000000000000000000e+00 0.000000000000000000e+00 5.114731307437597047e-03 1.952312012118521348e-03 6.068054156194142151e-02
8.018407087270418288e-03 0.000000000000000000e+00 0.000000000000000000e+00 8.405670789236572432e-03 1.196526662155418010e-03 6.552194291784248226e-02
5.421107374011173256e-03 0.000000000000000000e+00 0.000000000000000000e+00 5.501862367707621021e-03 1.789612381022657323e-03 5.700110650735114304e-02
4.339763293175931402e-03 0.000000000000000000e+00 0.000000000000000000e+00 4.267732322111860398e-03 2.060551243272261152e-03 4.979372092190811894e-02
4.616453303095449309e-03 0.000000000000000000e+00 0.000000000000000000e+00 4.405753879854933802e-03 9.680920841915576294e-04 5.119606565397823855e-02
5.160410124790968181e-03 0.000000000000000000e+00 0.000000000000000000e+00 4.550150805383376511e-03 1.445325214985545767e-03 5.180697323233708629e-02
5.267326146850972481e-03 0.000000000000000000e+00 0.000000000000000000e+00 5.133481825042616326e-03 1.745789429949038372e-03 6.896684535522984438e-02
1.194991407557644686e-02 0.000000000000000000e+00 0.000000000000000000e+00 8.101535877866387209e-03 3.653934739545967175e-03 1.112905140693436490e-01
1.215410623755420680e-02 0.000000000000000000e+00 0.000000000000000000e+00 1.076700425444774602e-02 5.227577030277737527e-03 1.128451244794714953e-01
1.076007657721925366e-02 0.000000000000000000e+00 0.000000000000000000e+00 9.503416058996494095e-03 4.441479156253130139e-03 1.232307324384695757e-01
8.987930185851721043e-03 0.000000000000000000e+00 0.000000000000000000e+00 8.131118949097203286e-03 3.871267650421689882e-03 1.093429744007706345e-01
1.395639418470866200e-02 0.000000000000000000e+00 0.000000000000000000e+00 1.346166341959137425e-02 6.787142123990133613e-03 1.599756112670008557e-01
1.511967703022554232e-02 0.000000000000000000e+00 0.000000000000000000e+00 1.521878925728822364e-02 6.962015428242035800e-03 1.904199308394359802e-01
1.542900711874226928e-02 0.000000000000000000e+00 0.000000000000000000e+00 1.586478219370977827e-02 7.184338674105957001e-03 1.732665515085930752e-01
2.670058093083536518e-02 0.000000000000000000e+00 0.000000000000000000e+00 2.397703453377668728e-02 1.133901152166615252e-02 2.611426451862446374e-01
3.222883135056915649e-02 0.000000000000000000e+00 0.000000000000000000e+00 2.704579201023831272e-02 1.275272536021327188e-02 3.287656329666155397e-01
4.257118928961822063e-02 0.000000000000000000e+00 0.000000000000000000e+00 3.661198832354036620e-02 1.742211892895557598e-02 3.908913518201080906e-01
9.609888195901848673e-02 4.000000000000000000e+00 2.000000000000000000e+00 8.867568027540820297e-02 4.362434549343963130e-02 8.803507589772162634e-01
9.525254982919727220e-02 6.000000000000000000e+00 3.000000000000000000e+00 9.580077872402172068e-02 4.660407478421134397e-02 1.038075450298653557e+00
9.962898044314018320e-02 4.000000000000000000e+00 2.000000000000000000e+00 9.524944735392414097e-02 4.638615823999577004e-02 9.515287991220519048e-01
1.054155369740289866e-01 6.000000000000000000e+00 3.000000000000000000e+00 9.500924400816732063e-02 4.669637691555281189e-02 1.199665326340716431e+00
9.026632364886306992e-02 4.000000000000000000e+00 2.000000000000000000e+00 8.530137400264127534e-02 4.204637212472012858e-02 1.001967666647496369e+00
8.940041303326523581e-02 4.000000000000000000e+00 2.000000000000000000e+00 8.203907888865988318e-02 4.098336129221413771e-02 9.547237187274227876e-01
1.192822793928156877e-01 4.000000000000000000e+00 2.000000000000000000e+00 1.057342606315013200e-01 5.228189428530685690e-02 1.032863537579674196e+00
1.065064222935213356e-01 6.000000000000000000e+00 3.000000000000000000e+00 1.063966123904367123e-01 5.130331375217661583e-02 1.068689771599801386e+00
9.193685552160228702e-02 4.000000000000000000e+00 2.000000000000000000e+00 9.257000251472211061e-02 4.653960720862831968e-02 8.960572446610918229e-01
8.499806349511518366e-02 2.000000000000000000e+00 1.000000000000000000e+00 7.451071981825953261e-02 3.640710177371667133e-02 8.783744073760821891e-01
8.597309928147281455e-02 2.000000000000000000e+00 1.000000000000000000e+00 7.970269339558135047e-02 4.043697811705151968e-02 9.183461676195501244e-01
9.885113458955982479e-02 4.000000000000000000e+00 2.000000000000000000e+00 8.603265094029985405e-02 4.237871239796930922e-02 9.819180604358492825e-01
6.261990945540307774e-02 0.000000000000000000e+00 0.000000000000000000e+00 5.411295117337246857e-02 2.733237566395169127e-02 6.692106283616376938e-01
7.676123573211048046e-02 0.000000000000000000e+00 0.000000000000000000e+00 7.548650006877576091e-02 3.773327984165350535e-02 8.416962947981186938e-01
8.219802115718199964e-02 2.000000000000000000e+00 1.000000000000000000e+00 7.198725085856615136e-02 3.444342888748531950e-02 8.360013024798385040e-01
7.903766520474880819e-02 2.000000000000000000e+00 1.000000000000000000e+00 6.111275158430879567e-02 2.876509017945863209e-02 8.431735622073868175e-01
8.273136391129044809e-02 0.000000000000000000e+00 0.000000000000000000e+00 8.339410580956918562e-02 4.163124701106282743e-02 8.026426865674123334e-01
9.254206691129800155e-02 4.000000000000000000e+00 2.000000000000000000e+00 8.613739413845636350e-02 4.221742643161183195e-02 9.180459953034203480e-01
6.554629479363438538e-02 2.000000000000000000e+00 1.000000000000000000e+00 6.257305572292556906e-02 3.075181907559712546e-02 7.080059678859934591e-01
1.577745688230260471e-02 0.000000000000000000e+00 0.000000000000000000e+00 1.174855544621190157e-02 5.488590620934718362e-03 1.277312503056727000e-01
1.852286814950112118e-02 0.000000000000000000e+00 0.000000000000000000e+00 1.757897841229313918e-02 7.251021768767399421e-03 1.720617432649799716e-01
2.213157756740278745e-02 0.000000000000000000e+00 0.000000000000000000e+00 2.061322205582264214e-02 8.955699442623617570e-03 2.340247176315525812e-01
2.455715290825736391e-02 0.000000000000000000e+00 0.000000000000000000e+00 2.252668474108652369e-02 1.114681430691134845e-02 2.487357622051747374e-01
1.235460048815154553e-02 0.000000000000000000e+00 0.000000000000000000e+00 1.129592799179408857e-02 5.330452322993339820e-03 1.628434011058534914e-01
1.871638948252422191e-02 0.000000000000000000e+00 0.000000000000000000e+00 1.630932154676461437e-02 8.007871006978882489e-03 1.988355263586516763e-01
2.104762271911781932e-02 0.000000000000000000e+00 0.000000000000000000e+00 1.412742433867243512e-02 6.998382639545877235e-03 1.764760864920854877e-01
2.806342247677324347e-02 0.000000000000000000e+00 0.000000000000000000e+00 2.123585960792984811e-02 1.033954470143030879e-02 2.846974635142257015e-01
4.789501852120194025e-02 0.000000000000000000e+00 0.000000000000000000e+00 4.820104189083360136e-02 2.313186909346308384e-02 5.398619508771803632e-01
8.278613143470844871e-02 0.000000000000000000e+00 0.000000000000000000e+00 7.963661083855279321e-02 3.872822151692986714e-02 7.850870459453338501e-01
1.014508283474576111e-01 4.000000000000000000e+00 2.000000000000000000e+00 1.000009282013236411e-01 4.806149523629360543e-02 1.013282653474561590e+00
1.052638897385378552e-01 6.000000000000000000e+00 3.000000000000000000e+00 1.096273365494851576e-01 5.479805494483008799e-02 1.057911993081908086e+00
1.055542184250581883e-01 2.000000000000000000e+00 1.000000000000000000e+00 1.005821891862944545e-01 4.870257136794492459e-02 1.176839743768613333e+00
9.423771555892430929e-02 4.000000000000000000e+00 2.000000000000000000e+00 9.053184195382275867e-02 4.664277365615238091e-02 8.454119669288823191e-01
1.263466584970930062e-01 8.000000000000000000e+00 4.000000000000000000e+00 1.263641672987270981e-01 6.260125776468168646e-02 1.139528451418393873e+00
7.917079231005555440e-02 0.000000000000000000e+00 0.000000000000000000e+00 7.195285694972522461e-02 3.502589895556873500e-02 8.774263467102091374e-01
1.380894926594009586e-01 1.000000000000000000e+01 5.000000000000000000e+00 1.360715804765965653e-01 6.679945069947726410e-02 1.217491413369070852e+00
9.994842615614234205e-02 4.000000000000000000e+00 4.000000000000000000e+00 9.540411639226316354e-02 4.977080079852284206e-02 8.221043320114190811e-01
1.126303876707068080e-01 4.000000000000000000e+00 4.000000000000000000e+00 1.238521473221714103e-01 6.214927039881013027e-02 8.801104677766542483e-01
1.153004404219791085e-01 4.000000000000000000e+00 2.000000000000000000e+00 1.172149602849226063e-01 5.837743905099766067e-02 1.050543681816028752e+00
1.134136911888705690e-01 4.000000000000000000e+00 2.000000000000000000e+00 1.074744281444844490e-01 5.458800308254713185e-02 9.611772698172480478e-01
9.197462810928346000e-02 4.000000000000000000e+00 2.000000000000000000e+00 8.413886804605560932e-02 4.074409593350648146e-02 7.581908190002346615e-01
7.761444491385385835e-02 0.000000000000000000e+00 0.000000000000000000e+00 7.364456975978535269e-02 3.566165443733326085e-02 7.582442220753560225e-01
6.737055995154930810e-02 2.000000000000000000e+00 1.000000000000000000e+00 5.432197668185938938e-02 2.814766360307907611e-02 5.826427004307367374e-01
9.817044560841035883e-02 4.000000000000000000e+00 2.000000000000000000e+00 9.196493564187548098e-02 4.687259846424936954e-02 8.777399865398046730e-01
1.170495461272678395e-01 2.000000000000000000e+00 1.000000000000000000e+00 9.486365116676762077e-02 4.839196170514581397e-02 7.915359652008295832e-01
5.575158824178636646e-02 0.000000000000000000e+00 0.000000000000000000e+00 4.466291829191777751e-02 2.252726137949710716e-02 6.337542155903791441e-01
9.117899583596006385e-02 4.000000000000000000e+00 4.000000000000000000e+00 9.104850563246109918e-02 4.494760873193142520e-02 7.889888480429713136e-01
7.920039199752781922e-02 2.000000000000000000e+00 1.000000000000000000e+00 7.683743433423685654e-02 3.810615489765512703e-02 7.014127763433810614e-01
6.647240544636388859e-02 0.000000000000000000e+00 0.000000000000000000e+00 6.798136735150012155e-02 3.245804544955465526e-02 5.333911228135607141e-01
5.747026072407747377e-02 0.000000000000000000e+00 0.000000000000000000e+00 4.901212362277825724e-02 2.360637643813760789e-02 4.839851270654074167e-01
3.272058262776602472e-02 0.000000000000000000e+00 0.000000000000000000e+00 1.901525652702268018e-02 9.322547891828465716e-03 1.981745589354705073e-01
1.760203835590050392e-02 0.000000000000000000e+00 0.000000000000000000e+00 1.229698100691197643e-02 5.702457411494148837e-03 1.433056711113931403e-01
1.936848355905031183e-02 0.000000000000000000e+00 0.000000000000000000e+00 1.945114963659883359e-02 8.590571882478994364e-03 1.942093548033709538e-01
1.943179548810635912e-02 0.000000000000000000e+00 0.000000000000000000e+00 1.957727077543913730e-02 8.497304334290169125e-03 2.142481012887396952e-01
1.471797647834099422e-02 0.000000000000000000e+00 0.000000000000000000e+00 1.329234319850468131e-02 6.543716246059313318e-03 1.707837978046414518e-01
1.396294416772588150e-02 0.000000000000000000e+00 0.000000000000000000e+00 1.160435636340110578e-02 5.198828211378254266e-03 1.274013306095996279e-01
3.074240698506066488e-02 0.000000000000000000e+00 0.000000000000000000e+00 2.500703355414169576e-02 1.379002147989477622e-02 2.962026119965383009e-01
8.777320660708788636e-02 2.000000000000000000e+00 1.000000000000000000e+00 8.660782466396664547e-02 4.322300866014978926e-02 7.240404457917222203e-01
1.265822764280630230e-01 6.000000000000000000e+00 3.000000000000000000e+00 1.286869803046876148e-01 6.225037992200946335e-02 1.304259510012356627e+00
1.184317314600934479e-01 6.000000000000000000e+00 3.000000000000000000e+00 1.108561993407456286e-01 5.425508845315968331e-02 1.065651647122313861e+00
1.217353042181394257e-01 2.000000000000000000e+00 1.000000000000000000e+00 1.088429434335844853e-01 5.279203036097503826e-02 1.088630496328815367e+00
9.845544368834130422e-02 4.000000000000000000e+00 2.000000000000000000e+00 9.266738128825897924e-02 4.522580989734820839e-02 7.996599103620317672e-01
1.196671690706681834e-01 8.000000000000000000e+00 4.000000000000000000e+00 1.161111555210566915e-01 5.439961303154378092e-02 1.127860488682036477e+00
1.049174437646137326e-01 6.000000000000000000e+00 3.000000000000000000e+00 1.026869891002522711e-01 5.175813507321880280e-02 8.665741509439119916e-01
1.154439798741447032e-01 4.000000000000000000e+00 2.000000000000000000e+00 1.115306890481343322e-01 4.988981312200217039e-02 1.085246648037318407e+00
2.047527932905360837e-01 6.000000000000000000e+00 3.000000000000000000e+00 1.700380882068818766e-01 8.694705956638604238e-02 1.183059711140624248e+00
2.405152546184095297e-01 6.000000000000000000e+00 5.000000000000000000e+00 2.449958919684340486e-01 1.279319723958079746e-01 1.297688123475007060e+00
2.080449611243180286e-01 6.000000000000000000e+00 3.000000000000000000e+00 1.769888973302280455e-01 9.204801256014510935e-02 1.206805484371986870e+00
1.438660530428880202e-01 8.000000000000000000e+00 4.000000000000000000e+00 1.335726459326064819e-01 6.933246607143690732e-02 9.527680148078100375e-01
2.167174556085196269e-01 1.000000000000000000e+01 5.000000000000000000e+00 1.995416883826799381e-01 9.923361320326284929e-02 1.410080155930744317e+00
2.416252372059663200e-01 8.000000000000000000e+00 4.000000000000000000e+00 2.504346559208888157e-01 1.257506724225036787e-01 1.436901620887982123e+00
1.302291315278171213e-01 8.000000000000000000e+00 4.000000000000000000e+00 1.281198214672008839e-01 6.295667297264907758e-02 8.613082676709076235e-01
2.359659084833659881e-01 4.000000000000000000e+00 2.000000000000000000e+00 2.466123565215067037e-01 1.241551322834733018e-01 1.363411520564747459e+00
1.461429786490856531e-01 6.000000000000000000e+00 3.000000000000000000e+00 1.611360447286521447e-01 8.177841475272468186e-02 1.054980615090508111e+00
1.522067789523740278e-01 4.000000000000000000e+00 4.000000000000000000e+00 1.584934988739516160e-01 7.821544979252259555e-02 9.136474652109231043e-01
1.684275695050026500e-01 2.000000000000000000e+00 1.000000000000000000e+00 1.583757841919667952e-01 7.987643434406516141e-02 9.512937809255712640e-01
1.614122087968203056e-01 6.000000000000000000e+00 3.000000000000000000e+00 1.680137079156571456e-01 8.705673369300642728e-02 1.123504784090622266e+00
1.241800831237040437e-01 2.000000000000000000e+00 3.000000000000000000e+00 1.271403200200756367e-01 6.167246745600468705e-02 8.478214195415086918e-01
2.376121791443720488e-01 8.000000000000000000e+00 4.000000000000000000e+00 2.801649760995873484e-01 1.377535000135121646e-01 1.423784404650725310e+00
1.518137662119802278e-01 1.200000000000000000e+01 6.000000000000000000e+00 1.657838446550506106e-01 8.354030108049548264e-02 1.182500319516775145e+00
1.158697035239320272e-01 4.000000000000000000e+00 2.000000000000000000e+00 1.021289875182558315e-01 5.565318341934299973e-02 9.161154662694044326e-01
9.737724698930783074e-02 4.000000000000000000e+00 2.000000000000000000e+00 8.664386503319528032e-02 4.544542076749435999e-02 7.619114415733901913e-01
1.844729662502445910e-01 6.000000000000000000e+00 5.000000000000000000e+00 1.733655987700077616e-01 8.812923142130835163e-02 1.062866771686526768e+00
1.713168315571056699e-01 4.000000000000000000e+00 8.000000000000000000e+00 1.527075630488477775e-01 7.728519622392600319e-02 9.610545820871222444e-01
1.657344147649277843e-01 4.000000000000000000e+00 2.000000000000000000e+00 1.348210145114401570e-01 6.481093744466288886e-02 1.172109197539464187e+00
1.029146580654580478e-01 2.000000000000000000e+00 1.000000000000000000e+00 6.053986159714780380e-02 2.898715029666457110e-02 7.252859484530415068e-01
1.330886089177475695e-01 2.000000000000000000e+00 1.000000000000000000e+00 9.471602002661437536e-02 4.614456517576800976e-02 7.744838065975343522e-01
1.383817192300381416e-01 4.000000000000000000e+00 4.000000000000000000e+00 1.266022555794436288e-01 6.191517530669110592e-02 8.690791135149359414e-01
1.016240226712188111e-01 4.000000000000000000e+00 2.000000000000000000e+00 6.535428652450725462e-02 3.318391776578760721e-02 7.252385623993097274e-01
1.078733717983655221e-01 6.000000000000000000e+00 3.000000000000000000e+00 9.236443092237221764e-02 4.288094808112932754e-02 8.382727625472674582e-01
1.605137041314772250e-01 4.000000000000000000e+00 4.000000000000000000e+00 1.478857683082525909e-01 7.291626380663367157e-02 8.808428727369859157e-01
1.134225693545673902e-01 4.000000000000000000e+00 2.000000000000000000e+00 7.871940321282024089e-02 3.709889884953818107e-02 7.692768053145939700e-01
1.398009259018042905e-01 1.000000000000000000e+01 5.000000000000000000e+00 1.268798566022792673e-01 6.042861066418832999e-02 7.770380280480773116e-01
5.954022753694512143e-02 0.000000000000000000e+00 0.000000000000000000e+00 4.123215429645198105e-02 1.902353115119387664e-02 4.660090500746968400e-01
8.023598721817108703e-02 2.000000000000000000e+00 1.000000000000000000e+00 6.840600384289474700e-02 3.086404245792496309e-02 4.441496305499935682e-01
1.289994567893501809e-01 8.000000000000000000e+00 4.000000000000000000e+00 1.277479773054960577e-01 6.203733113177112291e-02 7.747973282680424845e-01
1.943202508850039659e-02 0.000000000000000000e+00 0.000000000000000000e+00 4.013068135107465857e-03 7.447275389265333237e-04 1.742923095650907306e-01
7.549070769089206122e-03 0.000000000000000000e+00 0.000000000000000000e+00 3.975993712433501664e-03 1.531058068320404527e-03 7.582135142975404696e-02
5.261422600846293700e-03 0.000000000000000000e+00 0.000000000000000000e+00 4.627241017542575718e-03 3.576233195372909967e-04 5.866101528863900544e-02
8.625306875042825644e-03 0.000000000000000000e+00 0.000000000000000000e+00 7.591419947845348508e-03 2.849666123882004746e-03 8.656547478422055297e-02
1.912220940974247024e-02 0.000000000000000000e+00 0.000000000000000000e+00 1.916938891224502506e-02 9.491003143474376069e-03 1.606909518759296052e-01
1.439778603337032829e-02 0.000000000000000000e+00 0.000000000000000000e+00 1.415142548616498547e-02 6.586913661812601045e-03 1.786611023165159962e-01
1.377423277745788363e-02 0.000000000000000000e+00 0.000000000000000000e+00 1.207422812895819764e-02 5.206815733421930881e-03 1.551884635979084159e-01
1.781397303077915037e-02 0.000000000000000000e+00 0.000000000000000000e+00 1.681377075191079970e-02 9.434036612203844721e-03 1.674877046834152006e-01
9.689078552323144092e-03 0.000000000000000000e+00 0.000000000000000000e+00 8.167960603704780762e-03 3.731194739001058441e-03 9.453865012417014824e-02
4.791719664083882863e-02 0.000000000000000000e+00 0.000000000000000000e+00 4.598915443968458472e-02 2.264740100025708705e-02 3.585478015909175920e-01
8.508904862353572351e-02 2.000000000000000000e+00 1.000000000000000000e+00 8.061862263854784050e-02 3.854137915693647831e-02 6.727010115027894921e-01
1.100469650870064126e-01 6.000000000000000000e+00 3.000000000000000000e+00 1.119493715842919818e-01 5.277090349909570322e-02 9.355943844293077571e-01
1.197514988733572039e-01 2.000000000000000000e+00 1.000000000000000000e+00 1.087143603184341778e-01 5.513609821736775718e-02 8.434093183292800111e-01
9.493419919681764241e-02 4.000000000000000000e+00 2.000000000000000000e+00 8.900061020272877210e-02 4.374188594035441358e-02 7.716571649389107890e-01
8.317460926360605022e-02 0.000000000000000000e+00 0.000000000000000000e+00 8.228829307505149127e-02 4.138992970656857340e-02 7.952849329565045977e-01
9.895254144794690676e-02 4.000000000000000000e+00 2.000000000000000000e+00 8.728139280952786072e-02 4.049295273715971394e-02 8.257354408935166923e-01
9.890831137546099439e-02 2.000000000000000000e+00 1.000000000000000000e+00 8.911941288520516813e-02 4.457203466497455802e-02 7.883469712152841868e-01
6.653073549733261316e-02 0.000000000000000000e+00 0.000000000000000000e+00 6.552646490776475874e-02 3.202864611908404213e-02 4.915506681210827788e-01
6.569651031973482158e-02 2.000000000000000000e+00 1.000000000000000000e+00 5.696034883099450330e-02 2.768502403848809024e-02 5.137688216209934655e-01
8.781823380526339318e-02 2.000000000000000000e+00 1.000000000000000000e+00 8.587865345992014288e-02 4.313303283592299919e-02 6.715610670776634983e-01
7.200338871416281372e-02 0.000000000000000000e+00 0.000000000000000000e+00 6.844299533772221777e-02 3.199315857178669509e-02 4.637025193897263975e-01
1.162022116327364879e-01 6.000000000000000000e+00 3.000000000000000000e+00 1.192140613413855826e-01 5.773384557531997113e-02 7.104134296013472349e-01
1.188870117357885697e-01 2.000000000000000000e+00 1.000000000000000000e+00 1.364317838763944857e-01 7.013231539605063736e-02 6.323619978194496838e-01
1.028735065771385071e-01 2.000000000000000000e+00 1.000000000000000000e+00 1.106122909222063966e-01 5.584389919355300935e-02 6.775241286458418832e-01
5.971592599206009683e-02 2.000000000000000000e+00 1.000000000000000000e+00 5.745621030272943242e-02 2.749970957136016469e-02 3.816820596423290968e-01
1.408150128268491341e-02 0.000000000000000000e+00 0.000000000000000000e+00 8.421578870291407393e-03 3.809430494159209580e-03 1.067975544178159375e-01
1.554373042488824998e-02 0.000000000000000000e+00 0.000000000000000000e+00 1.543516134044628160e-02 7.455441356888380111e-03 1.398053303592299290e-01
5.629958456456803789e-03 0.000000000000000000e+00 0.000000000000000000e+00 4.724345111828910301e-03 1.151845513085470677e-03 5.469034056821839296e-02
9.478029414828328600e-03 0.000000000000000000e+00 0.000000000000000000e+00 7.211288508897541888e-03 2.991848141068488565e-03 8.608546489874940866e-02
9.457872150514480200e-03 0.000000000000000000e+00 0.000000000000000000e+00 8.395249835432024368e-03 3.336707491144946282e-03 9.561698562284155767e-02
5.044622875596972006e-03 0.000000000000000000e+00 0.000000000000000000e+00 4.803953612014000805e-03 1.845943067335552995e-03 6.752623660544328221e-02
7.532973160572439993e-03 0.000000000000000000e+00 0.000000000000000000e+00 7.412935697693537329e-03 3.622741447595213132e-03 9.210954488611193536e-02
5.924758999459984847e-03 0.000000000000000000e+00 0.000000000000000000e+00 5.532044542894664838e-03 2.454524694227589940e-03 6.763225877189281421e-02
4.925167768998811070e-03 0.000000000000000000e+00 0.000000000000000000e+00 4.743676121979204137e-03 9.765233361240270235e-04 6.293125105875667369e-02
5.148021666528371579e-03 0.000000000000000000e+00 0.000000000000000000e+00 4.625619293374644975e-03 1.784663341217830601e-03 5.881091131777076153e-02
4.789867696240961321e-03 0.000000000000000000e+00 0.000000000000000000e+00 4.743368557113290807e-03 2.252695940161442492e-03 6.802419994650429902e-02
4.484319698092865264e-03 0.000000000000000000e+00 0.000000000000000000e+00 4.343293277239486383e-03 1.474610055552630968e-03 5.764231945664536477e-02
4.349516597462395849e-03 0.000000000000000000e+00 0.000000000000000000e+00 4.207669389312743320e-03 1.802839920990632807e-03 5.825590175188385261e-02
4.874020467468724062e-03 0.000000000000000000e+00 0.000000000000000000e+00 4.932346598113862904e-03 1.981345290452366827e-03 5.389828261974411588e-02
4.949983841102238886e-03 0.000000000000000000e+00 0.000000000000000000e+00 4.626196462736983234e-03 1.894433922599464762e-03 5.829663872574131211e-02
4.512289211878144427e-03 0.000000000000000000e+00 0.000000000000000000e+00 3.971642913172247075e-03 1.003371339126414748e-03 5.780337804006719510e-02
5.541530466192092982e-03 0.000000000000000000e+00 0.000000000000000000e+00 5.163116454095990557e-03 1.438011090831752166e-03 7.178004786191169440e-02
4.050264569215442610e-03 0.000000000000000000e+00 0.000000000000000000e+00 3.556783710264454449e-03 1.708977011964648435e-03 5.173293114700195511e-02
4.024938045721021193e-03 0.000000000000000000e+00 0.000000000000000000e+00 3.919165564802325197e-03 1.812700949609837367e-03 5.579455041823232209e-02
4.763771715179002803e-03 0.000000000000000000e+00 0.000000000000000000e+00 4.673671534124761683e-03 1.595384355606505652e-03 6.197241456366967688e-02
4.522454032389290439e-03 0.000000000000000000e+00 0.000000000000000000e+00 4.186484584008398797e-03 1.406680504893837239e-03 6.140812324823403251e-02
5.246774237531475447e-03 0.000000000000000000e+00 0.000000000000000000e+00 4.821855233545641051e-03 1.759022378562666300e-03 6.728327626943535200e-02
4.194777808286552501e-03 0.000000000000000000e+00 0.000000000000000000e+00 3.840381005165797394e-03 1.158212828091695953e-03 4.507474855925145546e-02
5.440663914979469891e-03 0.000000000000000000e+00 0.000000000000000000e+00 4.867478132366372806e-03 1.727226289351891514e-03 6.706723631366909300e-02
5.216743629888712618e-03 0.000000000000000000e+00 0.000000000000000000e+00 5.158723877304685103e-03 2.113169191367124215e-03 6.542323880059784658e-02
5.088136554510520881e-03 0.000000000000000000e+00 0.000000000000000000e+00 5.199711040519134145e-03 1.969318685914044596e-03 5.986241338083910651e-02
4.533740930761273255e-03 0.000000000000000000e+00 0.000000000000000000e+00 4.438356736382939073e-03 1.626464947337321427e-03 5.136602050505862521e-02
4.781665706647069899e-03 0.000000000000000000e+00 0.000000000000000000e+00 4.502442013106736779e-03 1.464962656364979070e-03 6.688876074176164366e-02
4.405443612243819217e-03 0.000000000000000000e+00 0.000000000000000000e+00 3.817736601086639623e-03 1.483939208420782894e-03 5.116845739745287669e-02
4.195478597478088587e-03 0.000000000000000000e+00 0.000000000000000000e+00 3.920323448297700041e-03 1.315332852983161971e-03 4.349981774844812604e-02
5.218113314381163381e-03 0.000000000000000000e+00 0.000000000000000000e+00 4.613683275536562683e-03 1.695765857556675096e-03 7.584741686372525882e-02
5.212180818837384468e-03 0.000000000000000000e+00 0.000000000000000000e+00 4.860192479780461178e-03 1.847027618108014208e-03 6.723051742570577971e-02
4.215828449498258516e-03 0.000000000000000000e+00 0.000000000000000000e+00 4.155079375047440911e-03 1.381667319151315887e-03 5.043455289540633296e-02
3.923726253696708383e-03 0.000000000000000000e+00 0.000000000000000000e+00 4.186778735165288395e-03 1.410261071851752306e-03 5.271325182770571216e-02
3.696309586394800825e-03 0.000000000000000000e+00 0.000000000000000000e+00 3.331243617401034168e-03 1.202314146995501175e-03 4.577470339874863126e-02
3.933680211356747371e-03 0.000000000000000000e+00 0.000000000000000000e+00 3.450318198637134914e-03 1.491242257220833870e-03 4.768651577138723063e-02
4.458029179824156939e-03 0.000000000000000000e+00 0.000000000000000000e+00 4.611141867941810461e-03 1.767943596055331513e-03 5.589759106412131584e-02
5.122413506450739992e-03 0.000000000000000000e+00 0.000000000000000000e+00 4.901530465765070038e-03 2.420753974747396828e-03 5.858766707245990218e-02
4.117544385442050564e-03 0.000000000000000000e+00 0.000000000000000000e+00 3.899153960559368845e-03 1.465907046250543994e-03 4.275752923803573247e-02
4.011782243265508627e-03 0.000000000000000000e+00 0.000000000000000000e+00 3.966283606459360296e-03 1.407390119107676096e-03 4.514792256000588894e-02
4.318550071268956007e-03 0.000000000000000000e+00 0.000000000000000000e+00 4.688228533981264601e-03 1.360706273925358679e-03 5.264882080000973796e-02
3.605110667517485643e-03 0.000000000000000000e+00 0.000000000000000000e+00 3.643555336910618905e-03 1.107461143358425514e-03 4.840668212793541175e-02
5.129092933042001326e-03 0.000000000000000000e+00 0.000000000000000000e+00 5.061045274453991778e-03 1.806221493717851539e-03 6.330353404462904510e-02
4.995147328507362934e-03 0.000000000000000000e+00 0.000000000000000000e+00 4.268859264209158740e-03 1.245022743600628264e-03 5.903325701897895600e-02
4.421999036341624396e-03 0.000000000000000000e+00 0.000000000000000000e+00 3.970893872899045225e-03 1.515966570076898766e-03 5.782940136092370315e-02
3.069085046737092971e-03 0.000000000000000000e+00 0.000000000000000000e+00 2.759474046592673771e-03 1.043429041408534168e-03 4.210264473085428838e-02
5.282995287531427019e-03 0.000000000000000000e+00 0.000000000000000000e+00 4.605076896582424237e-03 1.752997001152502635e-03 7.500807654669802704e-02
4.320903402275185455e-03 0.000000000000000000e+00 0.000000000000000000e+00 3.859623449357710723e-03 1.612308938318319541e-03 5.261684832574214238e-02
4.838023637600872597e-03 0.000000000000000000e+00 0.000000000000000000e+00 4.221878854349973668e-03 2.158162269382667142e-03 5.322710565659371368e-02
4.573580081537936826e-03 0.000000000000000000e+00 0.000000000000000000e+00 4.321778088918488969e-03 1.529211787270358218e-03 5.456943444537858817e-02
4.483781245731247901e-03 0.000000000000000000e+00 0.000000000000000000e+00 3.817995665303003903e-03 1.236784049253158947e-03 5.648767534439487481e-02
4.086665659131896375e-03 0.000000000000000000e+00 0.000000000000000000e+00 3.978116032519887248e-03 1.665436765440661982e-03 5.133473862840075286e-02
4.088980035477658009e-03 0.000000000000000000e+00 0.000000000000000000e+00 3.854948961663971080e-03 1.600961324402102107e-03 5.029860467582607936e-02
4.374744408434515230e-03 0.000000000000000000e+00 0.000000000000000000e+00 4.174042561577289215e-03 1.908376386425943150e-03 5.675819277178466987e-02
4.652806705011455247e-03 0.000000000000000000e+00 0.000000000000000000e+00 4.321021243920210829e-03 1.615988671929941868e-03 6.159016888273154133e-02
3.364614311200784906e-03 0.000000000000000000e+00 0.000000000000000000e+00 3.535848235756747313e-03 1.034666110242658810e-03 4.458178691396354892e-02
3.986454480427413516e-03 0.000000000000000000e+00 0.000000000000000000e+00 3.620396914535053273e-03 9.374971405101432606e-04 4.842548289850700377e-02
4.571432623058641412e-03 0.000000000000000000e+00 0.000000000000000000e+00 4.495930315972602662e-03 2.010848139252048236e-03 5.008104190914366288e-02
4.396816162387135428e-03 0.000000000000000000e+00 0.000000000000000000e+00 3.539444625611473747e-03 1.581521105327994385e-03 6.228931544738135206e-02
3.920627647117450217e-03 0.000000000000000000e+00 0.000000000000000000e+00 3.555502030336724767e-03 1.240725304339346073e-03 4.934444023490777015e-02
4.033200724197806564e-03 0.000000000000000000e+00 0.000000000000000000e+00 3.980672712142302797e-03 7.256462771744380622e-04 4.274742624910918276e-02
4.373755557429433345e-03 0.000000000000000000e+00 0.000000000000000000e+00 4.390101966682882599e-03 2.031125433037329897e-03 5.308276809190559664e-02
4.249924836903313553e-03 0.000000000000000000e+00 0.000000000000000000e+00 3.625747884731629449e-03 1.377412153547989161e-03 4.750484559761740389e-02
3.659399909923576836e-03 0.000000000000000000e+00 0.000000000000000000e+00 3.601421837505914929e-03 1.464403577798808337e-03 4.374776595374196830e-02
3.782689151907550010e-03 0.000000000000000000e+00 0.000000000000000000e+00 3.628085218313947726e-03 1.320179684358111730e-03 4.264273289799646455e-02
2.855660315652688332e-03 0.000000000000000000e+00 0.000000000000000000e+00 2.398455871183218305e-03 1.162014827294833826e-03 3.969631507929854281e-02
4.414796823864864696e-03 0.000000000000000000e+00 0.000000000000000000e+00 4.473696802354226558e-03 1.493866210489123904e-03 5.416118783972240225e-02
4.659897837674134569e-03 0.000000000000000000e+00 0.000000000000000000e+00 3.925412954829610862e-03 1.453211997034415792e-03 5.342482726396702991e-02
4.891827280949401398e-03 0.000000000000000000e+00 0.000000000000000000e+00 4.482849260341799889e-03 1.418766452593039559e-03 5.511252499376574632e-02
4.547267813313052125e-03 0.000000000000000000e+00 0.000000000000000000e+00 4.151603275775651684e-03 1.848393249993481036e-03 5.482137855474293608e-02
4.447839063203681310e-03 0.000000000000000000e+00 0.000000000000000000e+00 4.245884407176667499e-03 1.872502882674920849e-03 5.811154440256470488e-02
4.266586736562663455e-03 0.000000000000000000e+00 0.000000000000000000e+00 3.910158439152989530e-03 1.513898580740196016e-03 5.630934797064481717e-02
4.368485515849328607e-03 0.000000000000000000e+00 0.000000000000000000e+00 3.297956337548091799e-03 1.205378388487754124e-03 5.381023013705266145e-02
3.329428930854572838e-03 0.000000000000000000e+00 0.000000000000000000e+00 2.833715071105268480e-03 9.010949045797064577e-04 4.567891688011639639e-02
3.638035020927102899e-03 0.000000000000000000e+00 0.000000000000000000e+00 3.276755186036808473e-03 1.339607723251372675e-03 4.777416960540573770e-02
3.461329986982479220e-03 0.000000000000000000e+00 0.000000000000000000e+00 2.883667791319372356e-03 7.891265249292960145e-04 4.301184168604894886e-02
4.394872098533125424e-03 0.000000000000000000e+00 0.000000000000000000e+00 4.395159566233585238e-03 1.684348961030266443e-03 5.357740245521479955e-02
4.531350712457218183e-03 0.000000000000000000e+00 0.000000000000000000e+00 4.313791429436249561e-03 1.544754449338109868e-03 5.404463031257372013e-02
2.833670437845821170e-03 0.000000000000000000e+00 0.000000000000000000e+00 2.418258082734842801e-03 7.977698287135468261e-04 3.376055087956456729e-02
3.480407940534880045e-03 0.000000000000000000e+00 0.000000000000000000e+00 2.811901964635079177e-03 1.275143372256848893e-03 4.399406682302722110e-02
3.508649267221375639e-03 0.000000000000000000e+00 0.000000000000000000e+00 3.415225162688587460e-03 4.838276763241204474e-04 4.787221108292601807e-02
3.514634752489966592e-03 0.000000000000000000e+00 0.000000000000000000e+00 3.252935661091542821e-03 1.302939283938487876e-03 4.592078633949413929e-02
4.146696194195751556e-03 0.000000000000000000e+00 0.000000000000000000e+00 3.726578188286496993e-03 1.207131324076894836e-03 4.960976532759725499e-02
4.065790932996716893e-03 0.000000000000000000e+00 0.000000000000000000e+00 3.733066434124449225e-03 1.693689518382841602e-03 4.712729844928062461e-02
4.524964066386247437e-03 0.000000000000000000e+00 0.000000000000000000e+00 4.238978809363319437e-03 1.082251127012048668e-03 5.553074242798378135e-02
3.820118411993014308e-03 0.000000000000000000e+00 0.000000000000000000e+00 3.638066234672608298e-03 1.348499262904290751e-03 4.811901030366822624e-02
3.830669297322580272e-03 0.000000000000000000e+00 0.000000000000000000e+00 3.409908519827044814e-03 1.584221077675874653e-03 5.214301216604753930e-02
3.413303100163264311e-03 0.000000000000000000e+00 0.000000000000000000e+00 3.270525334564072448e-03 6.395179934723907618e-04 4.337103318043130512e-02
3.279940304210275312e-03 0.000000000000000000e+00 0.000000000000000000e+00 3.032361726445539918e-03 9.395622235854564786e-04 3.901501288023342950e-02
3.921949100424359895e-03 0.000000000000000000e+00 0.000000000000000000e+00 3.827062765611507350e-03 1.189324642702745474e-03 5.030765533818449403e-02
2.894360504588813342e-03 0.000000000000000000e+00 0.000000000000000000e+00 2.437063010155469944e-03 5.335747095305952859e-04 4.248025116789726913e-02
2.882140456002992360e-03 0.000000000000000000e+00 0.000000000000000000e+00 2.475214545632644855e-03 4.448386598088144902e-04 3.900042066284479386e-02
3.562793449662441259e-03 0.000000000000000000e+00 0.000000000000000000e+00 3.212188247485079674e-03 8.211548773556507416e-04 4.752642375808226183e-02
3.496073868937926970e-03 0.000000000000000000e+00 0.000000000000000000e+00 3.341432241622166802e-03 1.292512292666097955e-03 4.145743699020093542e-02
3.629408658965598868e-03 0.000000000000000000e+00 0.000000000000000000e+00 3.621921008872129762e-03 1.126232286322962533e-03 4.919426891249264328e-02
2.992653081377682437e-03 0.000000000000000000e+00 0.000000000000000000e+00 2.786173520821930583e-03 8.631674362046311971e-04 3.510073341855065449e-02
2.720538164234012016e-03 0.000000000000000000e+00 0.000000000000000000e+00 2.307001764805168345e-03 8.863251191766896575e-04 3.885929314445613764e-02
3.601157613887932905e-03 0.000000000000000000e+00 0.000000000000000000e+00 3.776162763189458253e-03 8.998348434453491175e-04 4.629568956368512039e-02
3.822336493777887898e-03 0.000000000000000000e+00 0.000000000000000000e+00 3.598676885144023486e-03 1.180193162211091301e-03 4.747138554199382271e-02
3.650546565042791809e-03 0.000000000000000000e+00 0.000000000000000000e+00 3.332051768620000482e-03 9.225361056678392296e-04 4.368731391618193433e-02
3.814075432673795767e-03 0.000000000000000000e+00 0.000000000000000000e+00 3.295684556825053194e-03 1.251985679420954990e-03 4.781347408853460490e-02
3.119180811987621715e-03 0.000000000000000000e+00 0.000000000000000000e+00 2.721575595244509014e-03 9.782638682007444193e-04 3.930949443933721282e-02
5.198333521388834311e-03 0.000000000000000000e+00 0.000000000000000000e+00 4.837948113642734881e-03 1.344343541435583447e-03 5.350352248028459462e-02
5.128786755570856511e-03 0.000000000000000000e+00 0.000000000000000000e+00 4.649483994499716347e-03 1.731478555575543740e-03 7.375929638406228395e-02
7.263647946972007566e-03 0.000000000000000000e+00 0.000000000000000000e+00 7.471099650490281574e-03 2.523337016782539396e-03 7.313113957632229323e-02
6.889230013429652882e-03 0.000000000000000000e+00 0.000000000000000000e+00 6.297767557460530984e-03 2.718817536599624652e-03 7.757058178582547370e-02
4.961115678561354124e-03 0.000000000000000000e+00 0.000000000000000000e+00 5.174984770324310944e-03 1.844960076668070853e-03 5.895888403167772601e-02
4.882482139550328379e-03 0.000000000000000000e+00 0.000000000000000000e+00 4.545977259629639493e-03 1.507160955058782503e-03 5.464573197152667455e-02
4.215856992405568777e-03 0.000000000000000000e+00 0.000000000000000000e+00 3.974182723712986823e-03 1.390462030236493292e-03 5.403253792731976812e-02
4.147194887034630524e-03 0.000000000000000000e+00 0.000000000000000000e+00 4.344865238384038042e-03 1.047356433269799100e-03 5.325501132063890225e-02
3.308480539402915057e-03 0.000000000000000000e+00 0.000000000000000000e+00 3.008681356752477849e-03 9.871833971846445330e-04 3.827478630769021173e-02
1.297237070827653854e-02 0.000000000000000000e+00 0.000000000000000000e+00 1.275919436447626315e-02 5.906559112892822289e-03 8.164937707316646809e-02
5.932159284371491849e-03 0.000000000000000000e+00 0.000000000000000000e+00 6.187984929065520369e-03 3.593443760126210224e-03 7.025400815651104691e-02
3.011643265569433764e-02 0.000000000000000000e+00 0.000000000000000000e+00 2.678503532510930624e-02 1.271870009398204382e-02 2.823284060918595517e-01
3.755814546607246646e-02 0.000000000000000000e+00 0.000000000000000000e+00 3.348964530940595763e-02 1.653651877837145068e-02 3.499098300881803292e-01
6.170161160849473025e-02 0.000000000000000000e+00 0.000000000000000000e+00 5.357117668785898318e-02 2.606687007098004716e-02 5.443478574770216349e-01
7.328138385230455187e-02 2.000000000000000000e+00 1.000000000000000000e+00 7.334716942520271010e-02 3.606288970121079157e-02 7.302563109046115164e-01
1.008595333164401947e-01 6.000000000000000000e+00 3.000000000000000000e+00 1.073007782626543422e-01 5.396752055964182393e-02 9.864458627293193338e-01
9.731289592525413368e-02 4.000000000000000000e+00 2.000000000000000000e+00 8.251292579531493976e-02 4.128092567397947943e-02 8.909864440687755849e-01
8.888110540887146638e-02 4.000000000000000000e+00 2.000000000000000000e+00 7.288340185902270063e-02 3.384242481669649805e-02 8.105147623078721164e-01
9.031332923867176066e-02 2.000000000000000000e+00 1.000000000000000000e+00 7.602791105854593556e-02 3.566097183726417430e-02 8.090656233964028665e-01
7.167686991638121119e-02 0.000000000000000000e+00 0.000000000000000000e+00 5.433029918380916090e-02 2.485671168861683378e-02 8.091997982432905800e-01
8.862994614813976546e-02 2.000000000000000000e+00 1.000000000000000000e+00 8.158552899791128576e-02 4.036265987161605229e-02 7.834796643566103169e-01
7.184890489926945567e-02 2.000000000000000000e+00 1.000000000000000000e+00 7.344010546788312666e-02 3.788950497183640742e-02 6.551604804668164084e-01
5.881886557603956123e-02 0.000000000000000000e+00 0.000000000000000000e+00 6.040472604231447024e-02 2.869405971176438447e-02 6.358551093159691137e-01
6.500108413892650983e-02 0.000000000000000000e+00 0.000000000000000000e+00 6.274214230035138340e-02 3.128708612265104078e-02 5.083551197373148423e-01
5.231559801316602171e-02 0.000000000000000000e+00 0.000000000000000000e+00 4.765801361060984648e-02 2.188526079944245334e-02 5.052580371870205589e-01
8.486757435324748799e-02 2.000000000000000000e+00 1.000000000000000000e+00 8.473071739335436003e-02 4.264128093291308375e-02 5.694522147206646512e-01
9.845175713525533556e-02 2.000000000000000000e+00 1.000000000000000000e+00 9.249663273342559333e-02 4.773584369759881207e-02 5.904147093994490669e-01
8.062938333131890178e-02 4.000000000000000000e+00 2.000000000000000000e+00 7.334918601231313340e-02 3.666523301527435663e-02 6.402319271683074575e-01
9.749485261482872256e-02 4.000000000000000000e+00 2.000000000000000000e+00 8.892669822072025998e-02 4.591636867400608613e-02 9.033660890941996868e-01
5.461419315095993043e-02 0.000000000000000000e+00 0.000000000000000000e+00 5.362721251850868093e-02 2.532653439897894140e-02 5.544049719024751743e-01
8.898139460526290068e-02 2.000000000000000000e+00 1.000000000000000000e+00 8.613802316242745449e-02 4.305994839338114777e-02 6.720513773592723394e-01
9.058259336267389730e-03 0.000000000000000000e+00 0.000000000000000000e+00 4.170988426854180947e-03 1.426836359251962283e-03 9.883780942856293383e-02
2.134759691381760832e-02 0.000000000000000000e+00 0.000000000000000000e+00 1.882319637076584548e-02 9.328274976075842662e-03 1.348731575762673884e-01
1.695469112313539167e-02 0.000000000000000000e+00 0.000000000000000000e+00 1.468272742722481240e-02 7.536667078512386195e-03 1.739253994149302096e-01
1.232001036843699202e-02 0.000000000000000000e+00 0.000000000000000000e+00 9.016063165600798207e-03 3.956536758937406056e-03 1.457011279702958573e-01
2.412544824490652981e-02 0.000000000000000000e+00 0.000000000000000000e+00 2.335279276427460263e-02 1.121020797281613648e-02 2.611568734447881623e-01
2.486038758124394302e-02 0.000000000000000000e+00 0.000000000000000000e+00 2.294403838888798078e-02 1.115388567336307937e-02 2.770878429810801347e-01
2.531542488694255716e-02 0.000000000000000000e+00 0.000000000000000000e+00 2.401812393394279002e-02 1.110924759264509884e-02 2.820430276911261025e-01
2.129566115430680390e-02 0.000000000000000000e+00 0.000000000000000000e+00 1.999743561429188909e-02 9.555316237113621602e-03 2.296579777242344356e-01
9.566889185398242193e-03 0.000000000000000000e+00 0.000000000000000000e+00 7.870207843461067207e-03 3.306141610477135277e-03 1.084186155203394064e-01
2.373895424691045697e-02 0.000000000000000000e+00 0.000000000000000000e+00 2.590206892831816571e-02 1.363185314217513211e-02 2.082980365055244476e-01
3.111962927688041031e-02 0.000000000000000000e+00 0.000000000000000000e+00 2.963267213328667216e-02 1.443113161830567037e-02 3.346486009576736809e-01
9.183919865923020898e-02 0.000000000000000000e+00 0.000000000000000000e+00 9.495882123703643096e-02 4.705293475028440170e-02 8.071091494011770617e-01
1.082681175581115957e-01 8.000000000000000000e+00 4.000000000000000000e+00 1.108580420674762923e-01 5.420764376834813492e-02 1.000981124830598201e+00
1.073507281812922792e-01 2.000000000000000000e+00 1.000000000000000000e+00 1.117693159094058919e-01 5.325249766671227847e-02 8.496107269454457045e-01
1.019685451801977116e-01 6.000000000000000000e+00 3.000000000000000000e+00 9.255892786516391191e-02 4.480261311435214389e-02 1.004294762331981783e+00
7.715151275415997600e-02 0.000000000000000000e+00 0.000000000000000000e+00 7.158033212205991425e-02 3.574439625402783122e-02 7.894726856180133145e-01
9.551269173870642615e-02 4.000000000000000000e+00 2.000000000000000000e+00 9.544695186639312601e-02 4.667332145389846421e-02 9.254796494459461842e-01
7.701128260382085478e-02 2.000000000000000000e+00 1.000000000000000000e+00 7.688097667750275199e-02 3.821401804103800870e-02 8.066255904626821183e-01
5.839168170599615820e-02 0.000000000000000000e+00 0.000000000000000000e+00 6.022382397485297884e-02 3.019446296496644533e-02 5.983933120943373263e-01
8.028435436803667280e-02 4.000000000000000000e+00 2.000000000000000000e+00 7.073492564357736212e-02 3.491482635314982486e-02 8.124025943267010330e-01
5.116395229422165958e-02 0.000000000000000000e+00 0.000000000000000000e+00 4.569020881058790534e-02 2.210862613284630268e-02 4.832119577133933697e-01
3.886908244652619027e-02 0.000000000000000000e+00 0.000000000000000000e+00 3.546652916776430603e-02 1.762622860590811608e-02 4.533253980335477107e-01
3.635614725854838941e-02 0.000000000000000000e+00 0.000000000000000000e+00 3.303639230728560444e-02 1.620757890582432206e-02 3.361592481751772277e-01
3.467600870394826895e-02 0.000000000000000000e+00 0.000000000000000000e+00 3.016424551060454401e-02 1.486659474035347504e-02 3.864997991265461397e-01
4.487855441999819006e-02 0.000000000000000000e+00 0.000000000000000000e+00 4.508681702945402381e-02 2.168379601976358137e-02 4.874407287950850987e-01
4.149008445825999591e-02 0.000000000000000000e+00 0.000000000000000000e+00 3.366638411129492525e-02 1.698276390148901333e-02 3.542845449490477638e-01
3.606412371741678224e-02 0.000000000000000000e+00 0.000000000000000000e+00 3.584067088109484100e-02 1.680393314586225983e-02 3.760205082736088888e-01
3.105442920559524714e-02 0.000000000000000000e+00 0.000000000000000000e+00 2.998749586745643597e-02 1.455553122505861413e-02 3.412390303869366481e-01
3.115039061000320422e-02 0.000000000000000000e+00 0.000000000000000000e+00 2.802267015991579541e-02 1.337272115974105779e-02 3.254126625386133953e-01
3.083736676019820100e-02 0.000000000000000000e+00 0.000000000000000000e+00 3.219583959384358235e-02 1.555174776175500401e-02 3.082779424407000035e-01
3.633907599100262564e-02 0.000000000000000000e+00 0.000000000000000000e+00 3.590850753100324755e-02 1.746096318283446927e-02 3.610134749057302694e-01
1.853198934301509421e-02 0.000000000000000000e+00 0.000000000000000000e+00 1.435101133481832443e-02 6.698676357918400409e-03 1.838786933068112250e-01
9.174244658246222955e-03 0.000000000000000000e+00 0.000000000000000000e+00 6.251606384790639286e-03 3.179553345772839074e-03 7.604926782840285004e-02
1.832020542376830083e-02 0.000000000000000000e+00 0.000000000000000000e+00 1.744200466373246883e-02 7.998006509423356142e-03 1.511346800902211296e-01
1.716085212746107716e-02 0.000000000000000000e+00 0.000000000000000000e+00 1.459177432564148780e-02 6.123312038817940728e-03 1.637620623031723621e-01
1.675419263844755979e-02 0.000000000000000000e+00 0.000000000000000000e+00 1.488483998339271315e-02 7.001362902226320253e-03 1.841983080898210445e-01
1.001807852013525575e-02 0.000000000000000000e+00 0.000000000000000000e+00 8.615446906289604689e-03 3.605554004994163467e-03 1.251948654169575681e-01
9.890839988848484227e-03 0.000000000000000000e+00 0.000000000000000000e+00 9.276375508544815532e-03 3.801047741759964321e-03 1.194941789263291587e-01
3.229651143113570350e-02 0.000000000000000000e+00 0.000000000000000000e+00 3.009561273261959075e-02 1.508704181618916729e-02 2.952504578153419268e-01
9.480426262085633882e-02 4.000000000000000000e+00 2.000000000000000000e+00 8.519357094070767467e-02 4.162586557925700842e-02 8.269279018377440060e-01
9.509532421365476940e-02 4.000000000000000000e+00 2.000000000000000000e+00 9.081729513865940961e-02 4.418362472836161875e-02 9.291662405225983301e-01
9.296293476566194758e-02 2.000000000000000000e+00 1.000000000000000000e+00 8.684775968344481123e-02 4.266396560031082003e-02 9.030146881819369753e-01
8.837732229036505960e-02 4.000000000000000000e+00 2.000000000000000000e+00 8.898537058710817571e-02 4.342025974035287894e-02 8.470101929382802819e-01
7.870334842156073707e-02 2.000000000000000000e+00 1.000000000000000000e+00 7.954154699953282226e-02 3.982641058699006031e-02 8.297083063879412412e-01
8.216132234943239465e-02 2.000000000000000000e+00 1.000000000000000000e+00 8.431675359115686774e-02 4.158019488158079535e-02 7.845313099485767827e-01
7.384461131626926522e-02 2.000000000000000000e+00 1.000000000000000000e+00 6.664544929340780743e-02 3.318980536722177660e-02 6.119933738682319380e-01
3.511635599060120710e-02 0.000000000000000000e+00 0.000000000000000000e+00 3.696264280352075382e-02 1.657952080108374138e-02 3.737921987837780624e-01
7.535439950179020213e-03 0.000000000000000000e+00 0.000000000000000000e+00 5.495184784999308791e-03 2.401986129532077824e-03 8.530777152146885867e-02
1.304243868095354524e-02 0.000000000000000000e+00 0.000000000000000000e+00 9.751043907995656998e-03 4.270367483690393900e-03 1.328213197012794722e-01
1.601562474433699743e-02 0.000000000000000000e+00 0.000000000000000000e+00 1.241171827261965642e-02 5.722706767923305821e-03 1.558796207288101476e-01
1.144655868535897347e-02 0.000000000000000000e+00 0.000000000000000000e+00 9.928173015294248713e-03 4.143160066471812328e-03 1.241609317398754408e-01
5.526562306454593961e-03 0.000000000000000000e+00 0.000000000000000000e+00 4.714609655665517353e-03 2.106567024878991390e-03 6.759844805975473436e-02
4.299262108005012795e-03 0.000000000000000000e+00 0.000000000000000000e+00 3.676356006459848696e-03 1.145703697548620731e-03 5.932839822308079436e-02
1.226120770645659080e-02 0.000000000000000000e+00 0.000000000000000000e+00 1.168277060584045450e-02 5.992020850644673435e-03 1.328626188475300895e-01
2.134659207164643982e-02 0.000000000000000000e+00 0.000000000000000000e+00 1.900245695335402510e-02 8.648505504259470025e-03 2.016771923136487787e-01
4.194237540689679106e-02 0.000000000000000000e+00 0.000000000000000000e+00 3.843226306794318703e-02 1.811216744815614954e-02 3.955750742456635716e-01
8.630167463586428667e-02 4.000000000000000000e+00 2.000000000000000000e+00 9.015587784804669769e-02 4.522903387015711485e-02 8.232474030125160880e-01
7.805672668575135142e-02 4.000000000000000000e+00 2.000000000000000000e+00 6.685302033222952078e-02 3.288739805622072770e-02 8.655152547528681684e-01
6.302476782601264260e-02 0.000000000000000000e+00 0.000000000000000000e+00 5.407933899433458452e-02 2.657314955394250028e-02 5.600219769542462700e-01
6.843859142358164893e-02 2.000000000000000000e+00 1.000000000000000000e+00 5.839035375604810507e-02 2.820377733230713946e-02 5.907834221730569046e-01
4.172585154570167265e-02 0.000000000000000000e+00 0.000000000000000000e+00 3.449809841775205999e-02 1.639335385946895374e-02 4.373776809357681206e-01
6.870132811585376309e-02 2.000000000000000000e+00 1.000000000000000000e+00 6.427425655788387981e-02 3.324562123356386567e-02 5.820265960514159342e-01
7.447670747032232585e-02 2.000000000000000000e+00 1.000000000000000000e+00 6.975826395863710117e-02 3.250102376851142505e-02 7.833657272753440370e-01
8.833333085664241136e-02 2.000000000000000000e+00 1.000000000000000000e+00 8.371933607100527641e-02 4.142870152546890283e-02 7.928370635777771680e-01
6.358944455874408763e-02 2.000000000000000000e+00 1.000000000000000000e+00 5.974651913386980207e-02 2.902428616873519926e-02 7.016013475056466220e-01
8.363336981827586281e-02 2.000000000000000000e+00 1.000000000000000000e+00 8.931769078741629009e-02 4.250615836940779824e-02 7.245452688676821129e-01
8.129249711538424905e-02 2.000000000000000000e+00 1.000000000000000000e+00 8.222584415526924817e-02 3.839041291484095175e-02 7.574983046526113650e-01
8.353295919905914801e-02 0.000000000000000000e+00 0.000000000000000000e+00 8.677245534388576542e-02 4.131209629397572525e-02 7.903154408484998061e-01
7.543679285472881801e-02 4.000000000000000000e+00 2.000000000000000000e+00 6.280845021964256980e-02 3.022590453960646850e-02 6.900143521981065842e-01
7.944202912947026518e-02 0.000000000000000000e+00 0.000000000000000000e+00 6.880465096253812751e-02 3.287334726035919669e-02 6.423178100194963935e-01
4.989665603346437467e-02 0.000000000000000000e+00 0.000000000000000000e+00 5.123917763354479682e-02 2.685045337257682685e-02 4.814189196087059752e-01
3.866950725487383611e-02 0.000000000000000000e+00 0.000000000000000000e+00 3.843521034796198305e-02 1.825609791229149473e-02 4.240966497277922631e-01
2.177340436425780068e-02 0.000000000000000000e+00 0.000000000000000000e+00 1.885163888921201000e-02 8.892053043470880130e-03 2.298528466611106102e-01
4.224635763647840991e-02 0.000000000000000000e+00 0.000000000000000000e+00 3.772735484453164367e-02 1.805766859905692800e-02 3.933283785077831274e-01
4.375089705176214011e-02 0.000000000000000000e+00 0.000000000000000000e+00 4.019281656646285505e-02 1.826107771440724226e-02 3.852236490422861759e-01
1.256000207067679564e-01 4.000000000000000000e+00 4.000000000000000000e+00 1.298700059626645420e-01 6.087446347747904607e-02 7.604371687459965390e-01
5.458891304034856756e-02 2.000000000000000000e+00 1.000000000000000000e+00 5.029465594649145527e-02 2.384685089567268462e-02 4.759401756535927008e-01
8.620239389406765540e-02 2.000000000000000000e+00 1.000000000000000000e+00 8.713704334864291745e-02 3.965023609558632894e-02 6.163898773124896202e-01
9.739758306459585235e-02 2.000000000000000000e+00 1.000000000000000000e+00 9.947746714861910311e-02 4.769353073943735644e-02 7.680466170103784629e-01
7.386252948996877010e-02 0.000000000000000000e+00 0.000000000000000000e+00 6.159846764687539056e-02 2.722016429701581974e-02 6.269324726203622244e-01
9.654194258124393357e-02 4.000000000000000000e+00 2.000000000000000000e+00 1.030355788295914538e-01 4.921380535121944871e-02 6.634305333889866096e-01
7.655047891252034220e-02 0.000000000000000000e+00 0.000000000000000000e+00 6.122846553624403110e-02 2.808851366627151958e-02 6.371441986619550413e-01
6.832850693949550636e-02 0.000000000000000000e+00 0.000000000000000000e+00 5.923002170049049969e-02 2.739852240493353269e-02 6.918323275568213360e-01
7.001507405783592708e-02 0.000000000000000000e+00 0.000000000000000000e+00 6.769705858525126851e-02 3.172121671590344416e-02 5.882832418324511758e-01
6.416451423408177368e-02 0.000000000000000000e+00 0.000000000000000000e+00 6.066267563857700301e-02 2.555352011172800850e-02 4.579764082902562095e-01
1.037151580742671497e-01 4.000000000000000000e+00 2.000000000000000000e+00 9.071173315650567226e-02 4.342490137069410921e-02 6.882045528817375413e-01
1.565847991817619633e-01 8.000000000000000000e+00 6.000000000000000000e+00 1.610090728235820667e-01 7.858575880951275405e-02 1.111357120611409455e+00
6.998632927094448897e-02 0.000000000000000000e+00 0.000000000000000000e+00 6.030196284414725272e-02 2.791845533224615594e-02 5.895313500719110422e-01
1.666395477132800451e-01 4.000000000000000000e+00 4.000000000000000000e+00 1.757613003859078427e-01 8.953423090189414901e-02 7.877535312593636485e-01
7.150962240507838241e-02 0.000000000000000000e+00 0.000000000000000000e+00 7.285676243188730916e-02 3.601852482347500661e-02 4.792008696038879134e-01
6.600644648597779607e-02 0.000000000000000000e+00 0.000000000000000000e+00 6.396726244472726586e-02 2.894117783435591618e-02 4.274631110128362388e-01
1.054555774314933775e-01 2.000000000000000000e+00 1.000000000000000000e+00 1.146939931239825683e-01 5.670663032650574698e-02 6.752949716701837080e-01
6.408939743766965680e-02 0.000000000000000000e+00 0.000000000000000000e+00 5.569622824462680533e-02 2.675541663068274623e-02 4.726562261623178940e-01
1.485810580232049261e-01 4.000000000000000000e+00 2.000000000000000000e+00 1.492014073787470418e-01 7.506203599914468283e-02 7.178629810064778294e-01
1.175928715676359398e-01 6.000000000000000000e+00 3.000000000000000000e+00 1.122388255990609401e-01 5.303652907448007381e-02 7.691266544463920551e-01
7.146568051671899069e-02 2.000000000000000000e+00 1.000000000000000000e+00 5.866022803437528216e-02 2.682804108142059635e-02 6.575027698421094247e-01
1.271122716394531837e-01 4.000000000000000000e+00 2.000000000000000000e+00 1.355379769886206343e-01 6.835878677291062910e-02 7.508113474904130058e-01
4.571299718113349536e-02 0.000000000000000000e+00 0.000000000000000000e+00 2.815429043561896993e-02 1.293549120124758145e-02 4.014388029194608243e-01
4.737200957221955611e-02 0.000000000000000000e+00 0.000000000000000000e+00 3.459899347706311273e-02 1.557034177035950678e-02 3.930205315019921763e-01
3.223952267627832463e-02 0.000000000000000000e+00 0.000000000000000000e+00 2.719002763089081731e-02 1.305571180505119694e-02 2.772533979739620347e-01
8.013457322358377710e-03 0.000000000000000000e+00 0.000000000000000000e+00 5.441946255698475871e-03 1.642621581224455209e-03 7.962436606998407607e-02
5.585307135253597677e-03 0.000000000000000000e+00 0.000000000000000000e+00 5.075494195190068808e-03 1.926061204636989391e-03 6.327009252307415343e-02
1.640449288555571872e-02 0.000000000000000000e+00 0.000000000000000000e+00 1.770428260608937140e-02 8.085100644605828363e-03 1.395164324014697144e-01
8.409993750787147018e-03 0.000000000000000000e+00 0.000000000000000000e+00 8.083875881366376498e-03 3.908726286490657106e-03 7.988776403693340078e-02
6.324720307139292119e-03 0.000000000000000000e+00 0.000000000000000000e+00 5.923275221053072963e-03 2.798431724671578483e-03 7.887277126290546947e-02
8.119892097565006503e-03 0.000000000000000000e+00 0.000000000000000000e+00 8.012402058619581477e-03 3.201399561677138132e-03 9.524657725626820004e-02
6.320163070064802220e-03 0.000000000000000000e+00 0.000000000000000000e+00 5.704992719893019204e-03 2.201430426507311119e-03 6.940569281101939547e-02
5.926696076030807912e-03 0.000000000000000000e+00 0.000000000000000000e+00 5.445741606498138640e-03 1.728199070444294203e-03 7.175477271814932612e-02
7.172254760322222152e-03 0.000000000000000000e+00 0.000000000000000000e+00 5.938911364244674196e-03 2.381659919905942599e-03 8.702950740058654211e-02
4.930460348115395242e-03 0.000000000000000000e+00 0.000000000000000000e+00 4.679534977799804617e-03 1.620436437794511419e-03 6.459944188534917642e-02
5.297456584734844612e-03 0.000000000000000000e+00 0.000000000000000000e+00 5.114197540753195707e-03 1.726008624779475781e-03 6.639362243397893548e-02
5.702821536961264794e-03 0.000000000000000000e+00 0.000000000000000000e+00 5.551471389580459569e-03 1.823098914987160684e-03 7.213590891022753082e-02
4.933390735508342770e-03 0.000000000000000000e+00 0.000000000000000000e+00 4.662160542819181359e-03 1.583999953731462726e-03 6.054636409099912325e-02
4.119373677500919907e-03 0.000000000000000000e+00 0.000000000000000000e+00 3.989046739091335440e-03 1.575104163574723558e-03 5.372492789060501900e-02
6.467039082686176429e-03 0.000000000000000000e+00 0.000000000000000000e+00 6.167760584605521540e-03 2.310028821837522076e-03 7.870517210445944489e-02
4.328884090830601578e-03 0.000000000000000000e+00 0.000000000000000000e+00 4.700680083415882324e-03 1.462150409404667020e-03 5.945498409403619094e-02
3.856989907148505523e-03 0.000000000000000000e+00 0.000000000000000000e+00 3.472480962451486575e-03 1.166746100372127032e-03 4.856186632830582217e-02
5.543786810519778230e-03 0.000000000000000000e+00 0.000000000000000000e+00 5.173161030264068934e-03 2.518831169493344728e-03 7.044258835874590841e-02
6.128281763497295080e-03 0.000000000000000000e+00 0.000000000000000000e+00 4.321422532945824735e-03 1.449691646534686379e-03 7.709718691233503896e-02
4.768181033821204326e-03 0.000000000000000000e+00 0.000000000000000000e+00 4.059459199938977338e-03 1.321380951462189889e-03 6.521191992480233901e-02
4.409614381549993058e-03 0.000000000000000000e+00 0.000000000000000000e+00 3.842691749448034523e-03 1.338619163256076286e-03 5.662088847607631842e-02
4.665475687740308804e-03 0.000000000000000000e+00 0.000000000000000000e+00 4.260574399780839121e-03 1.679996346438035817e-03 5.775035670823754769e-02
5.212197262040336489e-03 0.000000000000000000e+00 0.000000000000000000e+00 5.052428057799963901e-03 1.730588401306378671e-03 6.247762982740782262e-02
4.930063598284766500e-03 0.000000000000000000e+00 0.000000000000000000e+00 4.334500067233819885e-03 1.549529328053915640e-03 6.611471772323079810e-02
4.102095201274964624e-03 0.000000000000000000e+00 0.000000000000000000e+00 3.641583835415623284e-03 1.406916307886964647e-03 5.710002525933412232e-02
4.092471195233670679e-03 0.000000000000000000e+00 0.000000000000000000e+00 3.551088593000614746e-03 1.171275859778751066e-03 5.944449634100951174e-02
4.380741232713668276e-03 0.000000000000000000e+00 0.000000000000000000e+00 4.225932334208034463e-03 1.305601542335802986e-03 5.214645561926181672e-02
4.752689571512115456e-03 0.000000000000000000e+00 0.000000000000000000e+00 3.923889309650765815e-03 1.413385751238283028e-03 5.994236583551339898e-02
3.186662265685744067e-03 0.000000000000000000e+00 0.000000000000000000e+00 2.619696078070948928e-03 5.427061146041715347e-04 3.969549108861374076e-02
4.578562730792068783e-03 0.000000000000000000e+00 0.000000000000000000e+00 4.143314320395827428e-03 1.801898542625223094e-03 7.100274891630194152e-02
4.257381044737794384e-03 0.000000000000000000e+00 0.000000000000000000e+00 3.602072755691698887e-03 1.597656072772963252e-03 5.309733973062310403e-02
5.086008465371555029e-03 0.000000000000000000e+00 0.000000000000000000e+00 5.028324060810712183e-03 2.440895167615494618e-03 6.206197623275921949e-02
4.319147977627182944e-03 0.000000000000000000e+00 0.000000000000000000e+00 4.524451936284728214e-03 1.498502025286783165e-03 5.365784907114271030e-02
3.630456276732674757e-03 0.000000000000000000e+00 0.000000000000000000e+00 3.672849538444886500e-03 8.603070996956261457e-04 4.342783714195586064e-02
3.553122326607999031e-03 0.000000000000000000e+00 0.000000000000000000e+00 3.575529580615200917e-03 1.066323194573766051e-03 4.348729764914576607e-02
3.475179556006911634e-03 0.000000000000000000e+00 0.000000000000000000e+00 3.268647458063954347e-03 1.247249316562626560e-03 4.483565089267882442e-02
4.331529487875762988e-03 0.000000000000000000e+00 0.000000000000000000e+00 3.910509043133515369e-03 1.597504744342199664e-03 5.003968516196285327e-02
3.755517148216288084e-03 0.000000000000000000e+00 0.000000000000000000e+00 3.518557214770826839e-03 1.047391301568609875e-03 4.518528886316770105e-02
4.657013282913569953e-03 0.000000000000000000e+00 0.000000000000000000e+00 4.625958379404499464e-03 2.104910443918998984e-03 5.244883641252765655e-02
3.603240279856500562e-03 0.000000000000000000e+00 0.000000000000000000e+00 3.607477833985064594e-03 1.663962943606584095e-03 4.168246221685679292e-02
3.986995019916696886e-03 0.000000000000000000e+00 0.000000000000000000e+00 3.494152703113767230e-03 1.584583383917176347e-03 5.079050464741396292e-02
3.146899381476374671e-03 0.000000000000000000e+00 0.000000000000000000e+00 2.841041872960120736e-03 1.020754510655461078e-03 3.914016786622145916e-02
3.411077860237179873e-03 0.000000000000000000e+00 0.000000000000000000e+00 3.150589372647729595e-03 9.675239784437613148e-04 4.418867947441734029e-02
4.376449843105019964e-03 0.000000000000000000e+00 0.000000000000000000e+00 4.261127620511145908e-03 1.452413897012349436e-03 4.835700835044687285e-02
4.559084433623604611e-03 0.000000000000000000e+00 0.000000000000000000e+00 4.639974705740831928e-03 1.689774734245013971e-03 5.456635694137148412e-02
9.767433651851755577e-03 0.000000000000000000e+00 0.000000000000000000e+00 9.127566341865839608e-03 4.317551859787997076e-03 9.630408012214493330e-02
3.775941341642597565e-02 0.000000000000000000e+00 0.000000000000000000e+00 3.296512841708217761e-02 1.612840782751872454e-02 3.947772978816518341e-01
7.001433766666309566e-02 0.000000000000000000e+00 0.000000000000000000e+00 7.492256392474079540e-02 3.689648548829799202e-02 6.192973972452692211e-01
9.666770292898239914e-02 4.000000000000000000e+00 2.000000000000000000e+00 9.255284175997086082e-02 4.557152322517110665e-02 9.252326070719024687e-01
8.136887135204573518e-02 0.000000000000000000e+00 0.000000000000000000e+00 7.315150875914279427e-02 3.686021045999225698e-02 7.679051904739102596e-01
9.921154214151536865e-02 4.000000000000000000e+00 2.000000000000000000e+00 9.164702533896798564e-02 4.479499374703030390e-02 9.318392836984807914e-01
5.594256819809096531e-02 0.000000000000000000e+00 0.000000000000000000e+00 5.285915196967871238e-02 2.573316054323385865e-02 5.740133270207793403e-01
6.365039949502364347e-02 0.000000000000000000e+00 0.000000000000000000e+00 6.279927077842527294e-02 3.137358367208498144e-02 6.379102344183470441e-01
7.574707238243379159e-02 0.000000000000000000e+00 0.000000000000000000e+00 7.127648927037066873e-02 3.462534592037200265e-02 6.202490358947952975e-01
6.709537661097224326e-02 0.000000000000000000e+00 0.000000000000000000e+00 6.290218604971720140e-02 3.046050529091881565e-02 6.281420045983384659e-01
5.987395073881136148e-02 0.000000000000000000e+00 0.000000000000000000e+00 5.744254765744728763e-02 2.843527906646510159e-02 6.236424894863057400e-01
4.157752222884722459e-02 0.000000000000000000e+00 0.000000000000000000e+00 3.576890679647804633e-02 1.740574695859442578e-02 5.036876375211749579e-01
5.559159262072866509e-02 0.000000000000000000e+00 0.000000000000000000e+00 4.974235015839552354e-02 2.399345720005961746e-02 5.319135393505970422e-01
5.590609021445569482e-02 0.000000000000000000e+00 0.000000000000000000e+00 4.770994452777679862e-02 2.309082816547371533e-02 5.696107932691559794e-01
6.250534469525605152e-02 0.000000000000000000e+00 0.000000000000000000e+00 5.970250596773249430e-02 2.903482141122530613e-02 6.286054752550724878e-01
6.159883192110409550e-02 0.000000000000000000e+00 0.000000000000000000e+00 5.673540542467223058e-02 2.763572727079966276e-02 5.767683721417534715e-01
3.213489465179615590e-02 0.000000000000000000e+00 0.000000000000000000e+00 2.807551058057237287e-02 1.391141889166684631e-02 3.489863653691941958e-01
1.171938221692003269e-02 0.000000000000000000e+00 0.000000000000000000e+00 6.918117288406147591e-03 2.748519913363193720e-03 1.355576279901266612e-01
3.289815110178774277e-03 0.000000000000000000e+00 0.000000000000000000e+00 1.303734166314299324e-03 4.714079432076879734e-04 3.791604646763038072e-02
7.738036458593581732e-03 0.000000000000000000e+00 0.000000000000000000e+00 6.936762351305737935e-03 3.246791904405790016e-03 8.710312217905909205e-02
2.742011893383254975e-02 0.000000000000000000e+00 0.000000000000000000e+00 2.760531516508090560e-02 1.352520652640112203e-02 2.194560240542119955e-01
2.250864993244999432e-02 0.000000000000000000e+00 0.000000000000000000e+00 1.956977403985071459e-02 9.753133101720221423e-03 2.485996335999883788e-01
1.461944880123182064e-02 0.000000000000000000e+00 0.000000000000000000e+00 1.276090483011130261e-02 5.828060880662417481e-03 1.653508392543270034e-01
1.100034296803385769e-02 0.000000000000000000e+00 0.000000000000000000e+00 1.091975437566718686e-02 4.603781145452977286e-03 1.172325968656324213e-01
2.551334675942603866e-02 0.000000000000000000e+00 0.000000000000000000e+00 2.280257134876522915e-02 1.139270884132557310e-02 1.895233601804781620e-01
3.224148411881403581e-02 0.000000000000000000e+00 0.000000000000000000e+00 2.722705380193003039e-02 1.268516341893598416e-02 3.365662926877732164e-01
7.422604685110606448e-02 0.000000000000000000e+00 0.000000000000000000e+00 7.876462041917867141e-02 3.795235095794788349e-02 7.026354540057210274e-01
7.091563941688723560e-02 0.000000000000000000e+00 0.000000000000000000e+00 6.664246175883560552e-02 3.340859376078512966e-02 7.376560879621324451e-01
9.324930097905652360e-02 2.000000000000000000e+00 1.000000000000000000e+00 8.752396641288250068e-02 4.196803892059963736e-02 8.535630019373918742e-01
8.106745577069029984e-02 0.000000000000000000e+00 0.000000000000000000e+00 7.393402229641184153e-02 3.608497271229041403e-02 7.956528418570600891e-01
1.075506221522552625e-01 2.000000000000000000e+00 1.000000000000000000e+00 9.686278495019041979e-02 4.786295657243672813e-02 1.026385934931442367e+00
7.115522206674174122e-02 0.000000000000000000e+00 0.000000000000000000e+00 6.154845500902380445e-02 3.032005351966099438e-02 6.942451236154021377e-01
6.727065546704399934e-02 2.000000000000000000e+00 1.000000000000000000e+00 5.359028641669849602e-02 2.662351485606573309e-02 5.700583853937355450e-01
6.262586927225501088e-02 2.000000000000000000e+00 1.000000000000000000e+00 5.406820977829970842e-02 2.589048747233074765e-02 6.330935222773006466e-01
5.940861654938554837e-02 0.000000000000000000e+00 0.000000000000000000e+00 5.993293985991093170e-02 2.947758449272725942e-02 5.508875077424718603e-01
5.891882951993412942e-02 0.000000000000000000e+00 0.000000000000000000e+00 5.929345018594897598e-02 2.907035918582166756e-02 5.497297830886309633e-01
5.178053398828622728e-02 0.000000000000000000e+00 0.000000000000000000e+00 5.336793945891685903e-02 2.634158054117659645e-02 4.960454338455377310e-01
3.957435101190601157e-02 0.000000000000000000e+00 0.000000000000000000e+00 3.878819910685033651e-02 1.828784189836226912e-02 3.758077203219937212e-01
3.745964938465385502e-02 0.000000000000000000e+00 0.000000000000000000e+00 3.484962127117603725e-02 1.643026895364605930e-02 3.771832352950902911e-01
2.835544521894224276e-02 0.000000000000000000e+00 0.000000000000000000e+00 2.733973688933346094e-02 1.286504419771012167e-02 3.055775268221636587e-01
2.872654830053241945e-02 0.000000000000000000e+00 0.000000000000000000e+00 2.849064291404555457e-02 1.375158836952185271e-02 3.114536449660840756e-01
3.248185475790927451e-02 0.000000000000000000e+00 0.000000000000000000e+00 3.188660073760665042e-02 1.538757792248006406e-02 3.503607046788470569e-01
2.837938802323974885e-02 0.000000000000000000e+00 0.000000000000000000e+00 2.891450179875248647e-02 1.357065729946363430e-02 3.029959351339046592e-01
2.856247548884988802e-02 0.000000000000000000e+00 0.000000000000000000e+00 2.494503354516040480e-02 1.249817388443744820e-02 3.283012068920120874e-01
2.492744567074279757e-02 0.000000000000000000e+00 0.000000000000000000e+00 2.237102070341087656e-02 1.053528363009207693e-02 2.492716163763301906e-01
3.453996541317114199e-02 0.000000000000000000e+00 0.000000000000000000e+00 3.341810150854492706e-02 1.591693455001647398e-02 3.266305934429291069e-01
2.537503649711091505e-02 0.000000000000000000e+00 0.000000000000000000e+00 2.187218372236799172e-02 1.012936221546875855e-02 3.100577377957812186e-01
2.313926638323916471e-02 0.000000000000000000e+00 0.000000000000000000e+00 2.009931280250177102e-02 9.624130899408396556e-03 2.447685229635936377e-01
2.344958858936728105e-02 0.000000000000000000e+00 0.000000000000000000e+00 2.303263941739457088e-02 1.064863468971852939e-02 2.626545440562390032e-01
2.443452594996198962e-02 0.000000000000000000e+00 0.000000000000000000e+00 2.081171261740656989e-02 9.610278760876148421e-03 2.435200048272970208e-01
1.948355988028558500e-02 0.000000000000000000e+00 0.000000000000000000e+00 1.548219666839558903e-02 7.049536853311437479e-03 1.905114755598094067e-01
2.685599223461699811e-02 0.000000000000000000e+00 0.000000000000000000e+00 2.681158662190188946e-02 1.304162351810476267e-02 2.824825643731681546e-01
2.388229170361164805e-02 0.000000000000000000e+00 0.000000000000000000e+00 2.447356865918742796e-02 1.154952179019141933e-02 2.523568185624596727e-01
1.797884896741987898e-02 0.000000000000000000e+00 0.000000000000000000e+00 1.656843729933709514e-02 8.006477181252004416e-03 2.161000212471905491e-01
3.578104516002264535e-02 0.000000000000000000e+00 0.000000000000000000e+00 3.505588515175742104e-02 1.682976334387584205e-02 3.787907160026439679e-01
2.807968339626747481e-02 0.000000000000000000e+00 0.000000000000000000e+00 2.584461923596863275e-02 1.228796330701111689e-02 3.273396962380455966e-01
3.292293902087017193e-02 0.000000000000000000e+00 0.000000000000000000e+00 2.577812651205388036e-02 1.260568497997213017e-02 3.388592648555496245e-01
5.567597071024672079e-02 0.000000000000000000e+00 0.000000000000000000e+00 5.051298265177471547e-02 2.447206175097622893e-02 5.212116081569286852e-01
2.512915633502622870e-02 0.000000000000000000e+00 0.000000000000000000e+00 2.262702867759667363e-02 1.103273738703823559e-02 2.582465205018643073e-01
3.536553198161693917e-02 0.000000000000000000e+00 0.000000000000000000e+00 3.467640021688986329e-02 1.675798767124987709e-02 3.155836976925499027e-01
2.573937620986531741e-02 0.000000000000000000e+00 0.000000000000000000e+00 2.202829079027374126e-02 1.009151572568491723e-02 2.555502103173906692e-01
3.005716323268427248e-02 0.000000000000000000e+00 0.000000000000000000e+00 2.444588625474580432e-02 1.194930786464184005e-02 3.119264937244098368e-01
3.345580363627493475e-02 0.000000000000000000e+00 0.000000000000000000e+00 2.939460588477387296e-02 1.393813198157726162e-02 3.632930451498829760e-01
2.616915173632522809e-02 0.000000000000000000e+00 0.000000000000000000e+00 2.768369567503183720e-02 1.349859154542756845e-02 2.875608486260082808e-01
3.190916605979583071e-02 0.000000000000000000e+00 0.000000000000000000e+00 3.061564900509348292e-02 1.453060515920070322e-02 3.353159451065345076e-01
6.005747129196929712e-02 0.000000000000000000e+00 0.000000000000000000e+00 5.421407140607310132e-02 2.678516525069344484e-02 5.841969349646818355e-01
