1.112813264529633785e-02 0.000000000000000000e+00 0.000000000000000000e+00
1.035885116085097542e-02 0.000000000000000000e+00 0.000000000000000000e+00
1.010772568642647612e-02 0.000000000000000000e+00 0.000000000000000000e+00
1.206851743939622509e-02 0.000000000000000000e+00 0.000000000000000000e+00
1.027159955624420799e-02 0.000000000000000000e+00 0.000000000000000000e+00
1.129475570876793677e-02 0.000000000000000000e+00 0.000000000000000000e+00
1.049891032820115915e-02 0.000000000000000000e+00 0.000000000000000000e+00
9.965245512816616608e-03 0.000000000000000000e+00 0.000000000000000000e+00
1.075694143631640218e-02 0.000000000000000000e+00 0.000000000000000000e+00
1.123740574056832781e-02 0.000000000000000000e+00 0.000000000000000000e+00
1.019921823151017336e-02 0.000000000000000000e+00 0.000000000000000000e+00
1.029263798108802884e-02 0.000000000000000000e+00 0.000000000000000000e+00
8.951808514333569125e-03 0.000000000000000000e+00 0.000000000000000000e+00
1.096739239453714543e-02 0.000000000000000000e+00 0.000000000000000000e+00
1.044641111251286107e-02 0.000000000000000000e+00 0.000000000000000000e+00
1.003455988037258925e-02 0.000000000000000000e+00 0.000000000000000000e+00
1.063723156379989786e-02 0.000000000000000000e+00 0.000000000000000000e+00
9.307513718961426749e-03 0.000000000000000000e+00 0.000000000000000000e+00
1.026246493938219075e-02 0.000000000000000000e+00 0.000000000000000000e+00
1.090704208625768723e-02 0.000000000000000000e+00 0.000000000000000000e+00
1.232395305347865934e-02 0.000000000000000000e+00 0.000000000000000000e+00
1.460358042775324570e-02 0.000000000000000000e+00 0.000000000000000000e+00
1.740794883674678245e-02 0.000000000000000000e+00 0.000000000000000000e+00
1.700514541536141469e-02 0.000000000000000000e+00 0.000000000000000000e+00
1.733635734507268933e-02 0.000000000000000000e+00 0.000000000000000000e+00
1.564357642923583022e-02 0.000000000000000000e+00 0.000000000000000000e+00
1.560058792360318781e-02 0.000000000000000000e+00 0.000000000000000000e+00
1.544201920234034020e-02 0.000000000000000000e+00 0.000000000000000000e+00
1.599850874399383685e-02 0.000000000000000000e+00 0.000000000000000000e+00
2.230369738726591458e-02 0.000000000000000000e+00 0.000000000000000000e+00
2.659337596807205897e-02 0.000000000000000000e+00 0.000000000000000000e+00
2.621859288813166780e-02 0.000000000000000000e+00 0.000000000000000000e+00
5.591138592196755880e-02 2.000000000000000000e+00 1.000000000000000000e+00
8.105260177407082323e-02 4.000000000000000000e+00 2.000000000000000000e+00
1.841235676875233040e-01 1.200000000000000000e+01 6.000000000000000000e+00
2.206051488947099737e-01 1.600000000000000000e+01 8.000000000000000000e+00
1.650855131280097587e-01 1.800000000000000000e+01 9.000000000000000000e+00
2.201980411829467521e-01 1.400000000000000000e+01 7.000000000000000000e+00
2.144792994389443652e-01 1.600000000000000000e+01 8.000000000000000000e+00
1.759565803304161125e-01 1.000000000000000000e+01 5.000000000000000000e+00
1.895812121231686964e-01 8.000000000000000000e+00 6.000000000000000000e+00
2.589362857329115530e-01 1.800000000000000000e+01 9.000000000000000000e+00
1.791035845029651241e-01 1.000000000000000000e+01 5.000000000000000000e+00
9.760646087084115519e-02 6.000000000000000000e+00 3.000000000000000000e+00
6.298882491042265275e-02 2.000000000000000000e+00 1.000000000000000000e+00
5.101348070764672588e-02 2.000000000000000000e+00 1.000000000000000000e+00
3.350060443449608821e-02 0.000000000000000000e+00 0.000000000000000000e+00
1.583092071823992072e-02 0.000000000000000000e+00 0.000000000000000000e+00
1.860181707981205593e-02 0.000000000000000000e+00 0.000000000000000000e+00
1.639160112373031983e-02 0.000000000000000000e+00 0.000000000000000000e+00
1.538624424888888377e-02 0.000000000000000000e+00 0.000000000000000000e+00
1.632037779224649807e-02 0.000000000000000000e+00 0.000000000000000000e+00
1.490265143854187756e-02 0.000000000000000000e+00 0.000000000000000000e+00
1.446474172673175608e-02 0.000000000000000000e+00 0.000000000000000000e+00
1.437939857210935798e-02 0.000000000000000000e+00 0.000000000000000000e+00
1.502672208950368328e-02 0.000000000000000000e+00 0.000000000000000000e+00
1.565419099245106069e-02 0.000000000000000000e+00 0.000000000000000000e+00
1.503687186685531349e-02 0.000000000000000000e+00 0.000000000000000000e+00
1.469439846160646053e-02 0.000000000000000000e+00 0.000000000000000000e+00
1.374856385817876947e-02 0.000000000000000000e+00 0.000000000000000000e+00
1.423448341568458141e-02 0.000000000000000000e+00 0.000000000000000000e+00
1.323530985115430568e-02 0.000000000000000000e+00 0.000000000000000000e+00
1.337855048434203123e-02 0.000000000000000000e+00 0.000000000000000000e+00
1.508175268461181030e-02 0.000000000000000000e+00 0.000000000000000000e+00
1.407861720818354839e-02 0.000000000000000000e+00 0.000000000000000000e+00
1.480445065431162249e-02 0.000000000000000000e+00 0.000000000000000000e+00
1.390288788729837112e-02 0.000000000000000000e+00 0.000000000000000000e+00
1.414156640235851234e-02 0.000000000000000000e+00 0.000000000000000000e+00
1.420450497057469154e-02 0.000000000000000000e+00 0.000000000000000000e+00
1.304972736382604449e-02 0.000000000000000000e+00 0.000000000000000000e+00
1.409275103360142258e-02 0.000000000000000000e+00 0.000000000000000000e+00
1.210960942974391094e-02 0.000000000000000000e+00 0.000000000000000000e+00
1.330244975876732592e-02 0.000000000000000000e+00 0.000000000000000000e+00
1.218519959368156817e-02 0.000000000000000000e+00 0.000000000000000000e+00
2.176952230752245837e-02 0.000000000000000000e+00 0.000000000000000000e+00
2.644575309676871350e-02 0.000000000000000000e+00 0.000000000000000000e+00
2.492411932268361746e-02 0.000000000000000000e+00 0.000000000000000000e+00
4.429613386293572430e-02 0.000000000000000000e+00 0.000000000000000000e+00
5.087631444519088303e-02 0.000000000000000000e+00 0.000000000000000000e+00
5.374301889545881478e-02 0.000000000000000000e+00 0.000000000000000000e+00
7.583250549077151514e-02 2.000000000000000000e+00 1.000000000000000000e+00
9.215557750450006913e-02 6.000000000000000000e+00 3.000000000000000000e+00
1.931145552956231304e-01 8.000000000000000000e+00 4.000000000000000000e+00
1.264783824798792755e-01 4.000000000000000000e+00 2.000000000000000000e+00
1.777122812354200998e-01 1.000000000000000000e+01 5.000000000000000000e+00
1.550693413782909535e-01 1.000000000000000000e+01 5.000000000000000000e+00
1.679507139264088678e-01 1.000000000000000000e+01 5.000000000000000000e+00
1.224079325369206162e-01 1.200000000000000000e+01 6.000000000000000000e+00
1.231571096530350296e-01 6.000000000000000000e+00 3.000000000000000000e+00
4.694050964680369920e-02 0.000000000000000000e+00 0.000000000000000000e+00
3.251016359293849162e-02 0.000000000000000000e+00 0.000000000000000000e+00
4.059690839962072639e-02 2.000000000000000000e+00 1.000000000000000000e+00
2.646617981555235768e-02 0.000000000000000000e+00 0.000000000000000000e+00
1.998778751659916267e-02 0.000000000000000000e+00 0.000000000000000000e+00
1.801986855485376154e-02 0.000000000000000000e+00 0.000000000000000000e+00
1.518449823272834294e-02 0.000000000000000000e+00 0.000000000000000000e+00
1.555543363863861987e-02 0.000000000000000000e+00 0.000000000000000000e+00
1.367444532115861047e-02 0.000000000000000000e+00 0.000000000000000000e+00
1.325170753926182068e-02 0.000000000000000000e+00 0.000000000000000000e+00
1.365882675387052395e-02 0.000000000000000000e+00 0.000000000000000000e+00
2.044002342564087832e-02 0.000000000000000000e+00 0.000000000000000000e+00
3.686543627587382521e-02 0.000000000000000000e+00 0.000000000000000000e+00
4.532718157822538535e-02 0.000000000000000000e+00 0.000000000000000000e+00
1.203606271312562814e-01 4.000000000000000000e+00 2.000000000000000000e+00
1.805606136024034414e-01 8.000000000000000000e+00 4.000000000000000000e+00
2.099029284118205663e-01 1.000000000000000000e+01 5.000000000000000000e+00
1.845211479142461752e-01 2.200000000000000000e+01 1.100000000000000000e+01
1.958527636786449588e-01 2.000000000000000000e+01 1.000000000000000000e+01
1.896065537002241397e-01 1.400000000000000000e+01 7.000000000000000000e+00
2.147232528290950182e-01 1.000000000000000000e+01 5.000000000000000000e+00
1.444244061995115513e-01 8.000000000000000000e+00 4.000000000000000000e+00
2.277483535903161993e-01 1.400000000000000000e+01 7.000000000000000000e+00
3.047521992943224567e-01 2.200000000000000000e+01 1.100000000000000000e+01
3.367150615266298330e-01 1.800000000000000000e+01 9.000000000000000000e+00
2.944099844285101852e-01 2.000000000000000000e+01 1.000000000000000000e+01
3.008470391533764610e-01 1.600000000000000000e+01 8.000000000000000000e+00
3.034965481308570801e-01 2.200000000000000000e+01 1.300000000000000000e+01
2.566835627302904155e-01 2.400000000000000000e+01 1.200000000000000000e+01
2.456753392965307925e-01 1.400000000000000000e+01 9.000000000000000000e+00
3.165061248524515536e-01 2.800000000000000000e+01 1.400000000000000000e+01
2.880368932239725233e-01 2.000000000000000000e+01 1.000000000000000000e+01
3.059396922541449126e-01 1.400000000000000000e+01 7.000000000000000000e+00
2.378687956441241647e-01 2.200000000000000000e+01 1.100000000000000000e+01
3.362969072906232815e-01 2.600000000000000000e+01 1.300000000000000000e+01
2.542073353653783729e-01 2.000000000000000000e+01 1.200000000000000000e+01
2.501998324068399615e-01 2.200000000000000000e+01 1.100000000000000000e+01
2.752937303146201775e-01 2.000000000000000000e+01 1.200000000000000000e+01
2.899712301530126268e-01 2.200000000000000000e+01 1.100000000000000000e+01
2.845815180579353010e-01 2.200000000000000000e+01 1.100000000000000000e+01
2.666705503016226775e-01 2.000000000000000000e+01 1.200000000000000000e+01
2.186820014695120551e-01 1.800000000000000000e+01 9.000000000000000000e+00
1.843567670619475074e-01 1.400000000000000000e+01 7.000000000000000000e+00
2.580145878563844808e-01 2.000000000000000000e+01 1.000000000000000000e+01
2.404200633035009915e-01 1.000000000000000000e+01 5.000000000000000000e+00
2.780797649904699909e-01 1.800000000000000000e+01 9.000000000000000000e+00
2.389151241691912231e-01 1.400000000000000000e+01 7.000000000000000000e+00
2.239957514217021384e-01 1.600000000000000000e+01 8.000000000000000000e+00
1.785978361484846788e-01 1.200000000000000000e+01 6.000000000000000000e+00
8.489438603357216118e-02 6.000000000000000000e+00 3.000000000000000000e+00
1.768345788890179210e-02 0.000000000000000000e+00 0.000000000000000000e+00
1.943798262582003417e-02 0.000000000000000000e+00 0.000000000000000000e+00
1.935927925632516602e-02 0.000000000000000000e+00 0.000000000000000000e+00
1.817819838612103056e-02 0.000000000000000000e+00 0.000000000000000000e+00
1.899956253880444659e-02 0.000000000000000000e+00 0.000000000000000000e+00
1.864358372163605129e-02 0.000000000000000000e+00 0.000000000000000000e+00
1.645422270071640602e-02 0.000000000000000000e+00 0.000000000000000000e+00
1.718293432808580545e-02 0.000000000000000000e+00 0.000000000000000000e+00
1.646841494785237364e-02 0.000000000000000000e+00 0.000000000000000000e+00
1.616670617967374407e-02 0.000000000000000000e+00 0.000000000000000000e+00
1.729386029715819853e-02 0.000000000000000000e+00 0.000000000000000000e+00
2.299539914908506691e-02 0.000000000000000000e+00 0.000000000000000000e+00
1.941026579176855296e-02 0.000000000000000000e+00 0.000000000000000000e+00
2.798916288180619896e-02 0.000000000000000000e+00 0.000000000000000000e+00
2.108509148671960931e-02 0.000000000000000000e+00 0.000000000000000000e+00
2.198781800812660281e-02 0.000000000000000000e+00 0.000000000000000000e+00
1.838619419659637613e-02 0.000000000000000000e+00 0.000000000000000000e+00
2.100169838207272682e-02 0.000000000000000000e+00 0.000000000000000000e+00
1.952782140440406655e-02 0.000000000000000000e+00 0.000000000000000000e+00
1.872686640222511259e-02 0.000000000000000000e+00 0.000000000000000000e+00
1.800339800140569879e-02 0.000000000000000000e+00 0.000000000000000000e+00
1.793523514798807048e-02 0.000000000000000000e+00 0.000000000000000000e+00
1.594916426150685615e-02 0.000000000000000000e+00 0.000000000000000000e+00
1.745344598767851335e-02 0.000000000000000000e+00 0.000000000000000000e+00
2.098253271553791877e-02 0.000000000000000000e+00 0.000000000000000000e+00
2.074116923406810198e-02 0.000000000000000000e+00 0.000000000000000000e+00
2.327001714123713705e-02 0.000000000000000000e+00 0.000000000000000000e+00
2.467166070819733908e-02 0.000000000000000000e+00 0.000000000000000000e+00
1.442951626059989743e-02 0.000000000000000000e+00 0.000000000000000000e+00
1.317574233991995920e-02 0.000000000000000000e+00 0.000000000000000000e+00
1.522534888668133045e-02 0.000000000000000000e+00 0.000000000000000000e+00
1.398220400063594250e-02 0.000000000000000000e+00 0.000000000000000000e+00
1.510398070392489009e-02 0.000000000000000000e+00 0.000000000000000000e+00
1.601975123662832332e-02 0.000000000000000000e+00 0.000000000000000000e+00
1.118408513663047936e-02 0.000000000000000000e+00 0.000000000000000000e+00
1.152608377161856192e-02 0.000000000000000000e+00 0.000000000000000000e+00
1.507690963395822391e-02 0.000000000000000000e+00 0.000000000000000000e+00
1.710417531845269748e-02 0.000000000000000000e+00 0.000000000000000000e+00
1.534838191147425666e-02 0.000000000000000000e+00 0.000000000000000000e+00
1.481044424614999001e-02 0.000000000000000000e+00 0.000000000000000000e+00
1.033084645010033491e-02 0.000000000000000000e+00 0.000000000000000000e+00
1.967898010189854038e-02 0.000000000000000000e+00 0.000000000000000000e+00
1.315359470314795935e-02 0.000000000000000000e+00 0.000000000000000000e+00
1.248745427576458157e-02 0.000000000000000000e+00 0.000000000000000000e+00
